2e+30,3.97174523936e+16,-1.69036527104e+16,9.79459633428e+15,-108.762202144,115.079617205,-415.653705277
2e+30,5.51223525169e+16,8.72235738041e+15,1.53665290328e+16,280.360158871,-110.676091877,440.997714627
2e+30,3.88569274637e+16,8.37767764188e+15,-6.06187959881e+16,-14.8001428664,37.5308624243,56.5626356295
2e+30,1.92652265763e+16,1.1382135952e+16,-7.12245531972e+15,-80.7156389159,19.0626637818,275.0286837
2e+30,-1.09737084533e+17,2.50867200684e+16,-7.49755276231e+16,36.1143611614,35.3574236311,2.48517594143
2e+30,5.75687784636e+16,2.16552614135e+17,-9.50482539943e+16,1.94642315006,-15.5896431284,-4.70670053858
2e+30,-4.37874911864e+16,9.61207188494e+16,1.02375553563e+17,12.2789954211,-51.8923636811,21.1575503276
2e+30,-4.56129548984e+16,-2.24669067134e+16,-8.75179921572e+16,1.71437922908,-11.1828090575,-117.844745972
2e+30,4.22294989095e+16,-1.04927147979e+16,3.14937318591e+16,-222.373976038,-132.663466846,-360.017545161
2e+30,1.1671253355e+17,-7.37445860189e+16,-5.01394780248e+16,-24.2549072293,98.0308392607,-34.7696363654
2e+30,-1.62684960613e+16,1.22895544067e+16,-2.0656473075e+16,29.7142346928,216.533903391,-393.117972716
2e+30,1.36451726409e+17,-1.95190085294e+17,2.12594444092e+16,32.7138463947,27.1423074128,-3.65222062069
2e+30,-1.22663230951e+17,-3.7774930645e+17,-6.74274764442e+15,-5.76205795837,9.55554675334,21.6102025085
2e+30,1.00888879587e+16,9.4354152862e+16,1.08797980489e+17,-16.949169783,-136.382204948,-25.6839960166
2e+30,3.40211820512e+16,3.0270439783e+16,-1.60962209458e+16,84.2142576545,-131.175286254,59.7227257957
2e+30,8.14144836944e+16,-7.84205379415e+15,-4.31296288582e+16,69.2287918869,-41.937902122,-29.0503506579
2e+30,-5.91351923428e+15,7.56186336248e+16,1.00153664865e+17,-12.6816097789,58.1212697475,-60.309512765
2e+30,7.90645176607e+16,-5.72166868629e+15,2.92474732379e+16,-345.416927838,106.11070583,95.180070286
2e+30,6.6252266175e+16,3.1018367676e+16,1.08279525977e+17,61.7658590167,47.4579172169,40.1222671427
2e+30,4.32608781124e+16,4.60492313399e+16,3.26355703089e+16,111.559770451,-89.460928264,-36.6104201887
2e+30,5.70138645541e+16,-1.52459155115e+16,4.99828823937e+16,290.615208219,-61.2997888024,-17.1133038837
2e+30,3.31459830821e+16,-1.10085177421e+17,-1.26511334524e+17,108.956284898,9.79495737015,-59.7631577449
2e+30,-2.33108110755e+17,3.76352925867e+17,2.53982238866e+16,1.85017036686,-7.9213269785,15.5306965491
2e+30,5.38456353463e+16,1.54236323328e+16,3.67589919822e+15,-414.224287801,-415.353377317,89.6272824493
2e+30,-2.0013504567e+16,2.03476687852e+16,5.5882968618e+16,175.468835393,98.4840498498,141.332739155
2e+30,1.58687143398e+17,-2.56991925837e+14,7.30592487677e+16,8.65370867252,-11.5223755482,-16.2153430737
2e+30,2.60187525443e+16,1.14868199705e+16,-3.04894189711e+16,-179.824305529,-324.326282815,-172.410376706
2e+30,7.54310311066e+16,5.04228399331e+16,-2.36882006228e+16,194.957011199,110.390289599,-42.6640787646
2e+30,-2.48748181164e+16,-2.79615833266e+16,2.78414814344e+16,235.136928287,160.217369376,-27.9926780378
2e+30,5.08845595267e+16,-2.93055746357e+16,4.82045214494e+16,94.7561909915,311.53907582,151.022544184
2e+30,5.05292870548e+16,1.7944584276e+16,3.31841657526e+16,-385.84515177,-344.844898178,-93.6919812617
2e+30,8.56790129057e+16,4.98110716093e+16,3.62634299781e+16,-40.1876741706,135.736864493,29.1628874999
2e+30,-3.67163657549e+16,-9.9872273314e+16,5.13222631367e+16,-1.84904630558,-132.145290314,-111.866958042
2e+30,-1.4989789697e+16,-1.40818357655e+16,-6.12321926372e+16,-211.293388507,-230.513747621,71.9213468851
2e+30,4.88456803905e+16,8.40719980909e+16,-1.08448283359e+17,34.7930379083,2.19965147456,33.0962214379
2e+30,1.10437609062e+17,1.42279335533e+16,2.35243498285e+15,79.3109732821,80.9011656431,-78.2645828561
2e+30,-5.51799751056e+16,-2.5658552041e+17,1.08138093255e+16,-0.11579021952,-13.5690796735,20.2070047999
2e+30,1.68759561734e+16,1.91397646177e+16,-9.81453505614e+15,-271.720210698,-190.61160975,-408.123185776
2e+30,-3.35906667756e+17,2.81816739573e+17,-2.97685175375e+17,-12.0923092343,5.43369984099,6.35810277707
2e+30,-6.34201287216e+16,-3.04654997482e+16,-1.19597159145e+17,132.379313805,3.58926866452,-16.9948999402
2e+30,4.95584665764e+16,-6.94810033298e+15,2.40705651892e+16,217.969754384,304.868895957,141.964414893
2e+30,-2.33724061876e+16,2.51435237539e+16,4.82403036294e+16,-126.24112868,78.4569075617,-334.457041447
2e+30,-1.33991051932e+16,-1.56669859569e+17,-8.18307118817e+16,5.53613391639,4.5603467313,57.2540908401
2e+30,4.68303560136e+16,2.81556597683e+16,4.70165505664e+16,63.7813850552,426.292488733,207.776082634
2e+30,1.52017844549e+16,4.93646724856e+16,-1.10829743644e+16,357.115191347,-90.1790252796,488.173347092
2e+30,-5.45198141297e+16,5.21204762179e+16,-1.14666989541e+16,-13.6818386843,211.964270933,-218.17559782
2e+30,-9.1669239142e+16,2.94258584118e+17,-1.01931189754e+17,17.3392113642,0.392341662687,10.6104808749
2e+30,1.30860233231e+16,-8.7716067097e+15,4.17521180056e+15,-133.478062607,117.772403031,178.085450874
2e+30,5.95485342587e+16,-2.92425055245e+16,-1.93119168377e+16,-215.30848301,-25.0175680681,-132.631298437
2e+30,6.31691430773e+16,1.84651520042e+16,-2.53819652178e+17,33.0998589787,-30.5631465551,-7.67518108928
2e+30,-3.78232694544e+16,2.07348322248e+16,4.31891106208e+16,122.074752563,247.159156099,239.138137079
2e+30,5.34700458285e+16,3.31966030071e+16,3.37987499842e+16,90.1761013342,156.179048997,-311.455154221
2e+30,1.24956429763e+17,-2.1839179973e+16,7.29103552405e+16,-121.980525938,-29.6370735642,0.931724821925
2e+30,-5.32624299695e+16,-2.36691161522e+16,1.13548395862e+17,-31.1536567431,96.729957335,-104.573873019
2e+30,2.34148108823e+16,-2.67551365338e+16,3.66015289662e+16,313.252347662,107.574860147,-312.167482772
2e+30,-1.26982440262e+16,-3.52950771591e+16,-3.06739044559e+15,326.550412382,177.608021601,3.75551090837
2e+30,6.62918831517e+15,-8.07668902355e+16,-6.16093767774e+16,129.04184957,-4.63733351903,-63.5072557192
2e+30,-5.79138358862e+16,2.38265957209e+16,8.2008450624e+13,-60.4188733816,-29.1669703489,-291.637337523
2e+30,5.29789010542e+16,-5.84049835327e+16,-5.99295451193e+16,64.6392132183,167.155355263,-56.0375436363
2e+30,-2.65586210137e+16,1.91056847329e+16,4.4830376082e+16,-198.503818803,-285.788120214,-216.627643653
2e+30,-2.50342467576e+16,3.26076044799e+16,-3.02627309604e+16,150.797581532,21.8322526245,-188.092931201
2e+30,2.89652747381e+16,-3.71598193767e+16,-3.72431356845e+16,134.708500329,161.135585206,251.968047448
2e+30,-2.68182768105e+17,-4.05467873151e+17,-4.40502692673e+17,0.938537729609,9.84526627405,7.03467338395
2e+30,-4.52752751924e+16,-6.95403450014e+16,-1.8103108005e+17,-38.9423407194,0.161037549836,-43.2356749498
2e+30,-3.48952166167e+16,3.69792723207e+16,-9.45382808909e+15,90.5407880558,115.09459191,50.6489829837
2e+30,3.84780351451e+16,-6.64959050208e+16,2.83783125421e+16,-53.3469796533,-26.5318049026,-200.90041533
2e+30,-2.00084485887e+15,-2.92030478722e+16,-4.37714655824e+16,-73.1386268988,21.5791751828,39.964759196
2e+30,2.32093378122e+16,-2.40724175684e+15,-6.40019507917e+16,-355.312043897,-168.089016895,-127.282030846
2e+30,-1.02678765311e+17,-3.68543468173e+16,1.52304657451e+17,-33.9940542882,47.698766532,83.2370133466
2e+30,1.86817875531e+15,2.08122685843e+16,-1.3779193058e+16,-316.267214756,433.81504747,137.493504093
2e+30,-2.10550727492e+17,-1.1960670872e+16,-1.23941298179e+17,3.61445365073,32.9822763652,14.6340048082
2e+30,-7.3118157944e+16,-9.39458248539e+16,1.33621027846e+17,59.5211581473,89.4927290261,-12.2407039926
2e+30,6.84822262291e+16,-1.63852724746e+17,-9.30034763576e+15,39.2711817646,24.8472587933,12.8029495047
2e+30,2.32595390641e+16,-1.98232176794e+16,-4.7898346325e+16,-50.1317136967,-282.905831926,-197.257184504
2e+30,-3.64351132254e+16,4.64092131463e+16,-8.5125017131e+15,35.2122319568,-221.780170732,350.871243786
2e+30,-6.4024407795e+16,6.28492676994e+16,-4.64211999364e+16,-111.212988339,-31.2300015076,92.829533727
2e+30,-5.37717427865e+15,5.3319068769e+16,5.29239850364e+14,-93.6616146522,213.852145291,-135.044970342
2e+30,-2.09854135112e+16,-5.91114686355e+16,-6.2991205367e+16,-28.8853834586,90.6749424829,146.898627226
2e+30,-3.09839540947e+17,1.29015162229e+17,2.5386645516e+16,-5.61588973487,1.65367998809,0.877355512288
2e+30,-2.26427925009e+16,-1.65156160307e+16,2.77891270234e+16,68.9491052625,349.746540234,-20.6845311775
2e+30,1.12285801161e+17,3.95493808525e+16,-9.76934245623e+15,87.6260617923,25.5394766506,43.7665027435
2e+30,2.2505489935e+17,5.38393932747e+17,-4.54702536692e+16,-2.28722305655,-1.4300056008,-0.868068352006
2e+30,6.09714972759e+15,-2.29092888342e+16,2.82804969947e+16,193.550926066,-19.7019113184,242.973146848
2e+30,6.17878590333e+16,-3.09016933973e+16,1.10991610177e+17,-83.3068943932,-110.138158511,-18.1025810165
2e+30,1.46360827057e+16,-2.243749913e+16,-2.43119878395e+15,-611.209395057,70.7177547311,151.517002503
2e+30,-1.4326760331e+17,-1.23209392429e+17,5.23680489853e+16,-7.29691488243,67.2018868485,29.6337340305
2e+30,2.54044704232e+16,-4.69211857824e+16,6.64460040535e+15,-430.44243034,242.122166241,-150.625316985
2e+30,1.13721012963e+17,-1.9444693824e+17,2.84872127142e+16,25.9551690162,37.8370109691,-23.8701876081
2e+30,1.69148264551e+17,-3.42890052132e+16,-1.55936175117e+17,7.32932931302,-5.34405132384,19.2945245712
2e+30,-1.55660689696e+15,4.30312829123e+16,-5.29547233202e+16,122.74563307,-304.938891725,-58.5746283339
2e+30,-1.51429720471e+17,2.52728026979e+16,1.80035211603e+17,9.57289504738,52.9360028465,-6.57286379351
2e+30,4.81810833371e+15,2.44981132568e+16,-3.03141739343e+16,-1.793826146,35.6162618428,-44.567286447
2e+30,3.34294977275e+16,-5.40239842828e+16,-9.76394040477e+16,29.3872844053,-63.4327260805,33.1736815585
2e+30,1.82292546322e+16,1.94203929956e+15,1.79633396829e+16,381.746017865,-526.927337851,730.197231972
2e+30,4.91694376892e+17,-6.34018050401e+15,2.841829349e+17,-0.325978359003,0.383325546718,11.7822106852
2e+30,1.86793642383e+16,1.40331948156e+16,2.7596450801e+16,-482.693273675,-232.365521062,-219.331086654
2e+30,3.40518730942e+16,-4.97565851192e+16,4.9198861693e+16,-39.4634343551,95.7214708722,71.1901057382
2e+30,7.66741664517e+16,-6.37653216695e+16,8.05490139541e+16,88.4199671382,160.740977059,-39.3281578341
2e+30,-2.56267140005e+15,3.26252312614e+16,-6.39999044644e+16,-98.2593426538,195.86236071,65.7100753894
2e+30,1.67910385419e+16,-3.38001311539e+16,3.09119903784e+16,-264.878885558,-153.010871741,-23.4001585623
2e+30,1.88990067973e+16,2.18243528577e+15,4.68109412718e+16,368.263097766,277.158094625,126.522691304
2e+30,-2.76863518e+16,-6.26650106812e+16,9.46032392477e+16,-38.0252528237,20.8264204217,12.3108450488
2e+30,2.71243311738e+16,-2.86706020687e+16,4.03434182038e+16,418.384566438,279.112018412,210.473172826
2e+30,-1.88442538942e+16,-6.22865922777e+16,-2.38468412148e+16,6.10037150826,-52.5038580834,106.472363975
2e+30,2.6611486541e+16,-1.89414952341e+16,1.08718875168e+15,180.102826414,263.4618275,-115.786143725
2e+30,8.56942209727e+16,-2.10685886121e+16,2.29406020624e+16,268.63211972,-231.930557495,-58.1797501835
2e+30,5.58938777572e+16,4.0216104504e+16,4.21436771452e+16,34.5594270006,28.3339324001,91.1796595688
2e+30,6.36464920955e+16,4.63907803475e+15,-5.77720201347e+16,152.977173023,-136.971264635,50.0311752673
2e+30,1.94302279329e+16,1.07063473694e+16,-4.50895044749e+16,-292.242563184,-176.075098454,151.594012345
2e+30,5.72099767603e+16,2.14789244372e+16,2.44875476143e+16,-419.474714289,217.575896352,46.9510546467
2e+30,-8.14499922244e+16,-1.98049673985e+17,-1.00924912978e+17,43.4481703984,-23.5733333064,-5.28486910313
2e+30,9.61890676809e+15,3.75969277853e+16,3.14084709622e+15,-97.1686069054,-436.410659384,-315.699333444
2e+30,-1.08065213906e+17,-1.07076170872e+16,7.3253797377e+15,12.2959288096,74.8886547983,45.7385433253
2e+30,-3.93305283573e+16,-4.51906928361e+15,3.028949604e+16,264.346495764,198.801564718,-265.391963649
2e+30,-1.24483904497e+17,4.01655826479e+16,-8.49585755677e+16,-49.1596281198,-4.40272087544,0.271699602809
2e+30,5.42976009094e+16,-5.01543284329e+16,-5.03001328252e+16,11.3666691209,-2.33813978138,185.311901505
2e+30,6.69020177808e+15,2.23933199722e+17,6.80347969238e+16,20.6380670744,-27.9839046357,-30.8378213883
2e+30,-3.01261759234e+17,1.45623593668e+17,-2.49727715466e+17,-5.4059309081,3.56569659139,-8.34143065583
2e+30,1.70513800393e+17,8.84012123052e+16,-4.90065121015e+15,37.9091646182,-61.6984417474,88.3596613614
2e+30,4.13057998552e+16,-7.27407147171e+16,-1.87350953764e+17,-18.195503223,-51.3619565402,25.7470450284
2e+30,-8.23763029326e+16,-5.40489501157e+16,1.14179769282e+17,-44.6661865733,-74.559517468,9.77808987052
2e+30,6.52920125504e+16,-1.81485754392e+16,7.26033574526e+16,-198.446793774,-168.773547651,5.5618300845
2e+30,3.80680376158e+16,-6.48736980078e+16,-1.99576580619e+16,-83.6230766333,-10.6063185484,-96.3207497222
2e+30,-1.70605608929e+17,-3.7676346035e+16,2.69892574788e+16,-43.2169757016,-17.2639891419,19.450046007
2e+30,-2.80171269159e+16,1.68822792156e+17,5.69639548623e+16,-29.3683564638,-39.2145053535,-9.39122095178
2e+30,-9.21486574755e+16,3.98259062118e+16,-2.43667897722e+16,-15.4582168507,-112.63375979,-33.9914446323
2e+30,-2.21452331592e+16,-6.56030918393e+15,-2.12419927964e+16,124.959534386,86.4610376375,388.853724028
2e+30,-5.34269145323e+16,3.27581735813e+16,-7.19320054531e+15,-35.5091653695,118.716071144,-163.264017298
2e+30,1.03948830504e+16,5.55399010441e+16,-1.26904653814e+16,30.5013416463,6.7179209291,30.0756620913
2e+30,2.30520169927e+16,-1.60363978673e+16,9.45673532242e+15,192.684627147,-217.648742698,-388.390631752
2e+30,1.543331631e+17,-4.20653095043e+16,9.57559864354e+16,20.4379001033,-3.58010516296,32.8534135366
2e+30,4.83750535335e+16,-5.42732496266e+15,-2.24443471019e+16,128.317699785,-4.29606068367,-54.8317216649
2e+30,1.3641086626e+17,1.74108413359e+17,8.39872587715e+16,-38.2883801226,20.391671159,6.69248528699
2e+30,2.63709735959e+15,2.20442857691e+16,1.26836712708e+17,168.946241059,-7.17928425931,20.5111534826
2e+30,5.49508130942e+16,1.85625027441e+15,-1.51139522523e+16,251.095413548,-93.158368966,94.2039908003
2e+30,1.13801632821e+17,1.38508512304e+16,-1.20845646316e+16,-38.3037904461,-18.483746966,-98.9195547578
2e+30,3.61000279605e+16,1.35447011916e+16,1.80213794507e+16,216.370441313,459.690285962,-254.020021319
2e+30,-2.11070850737e+16,-4.67473336782e+16,6.22888301483e+15,199.342553744,-308.016560407,94.0379815797
2e+30,-1.84956860836e+16,-1.31120392842e+16,-1.3358253315e+16,-6.20194211507,330.062202699,10.4937713998
2e+30,4.29964877687e+16,9.8096319166e+14,-6.37866112387e+16,-106.684984971,-282.153765545,103.191597305
2e+30,-3.25120768393e+17,-2.70593652596e+16,1.39850390907e+17,19.3475073392,2.51347734517,12.0870344012
2e+30,2.74739458581e+16,-2.03739640804e+16,6.86087784986e+15,275.375361094,151.771031572,-36.6352141171
2e+30,1.16101066425e+17,9.53244474949e+15,5.85941707094e+16,5.72727888405,-59.3119723792,-39.4063424642
2e+30,2.20177240757e+16,1.28088836204e+16,1.83549181339e+15,22.8603728003,-219.446777663,-532.630726825
2e+30,2.70165987967e+17,1.75755746555e+17,1.34802514715e+17,14.5657855089,2.56198737166,6.0520931939
2e+30,1.53987573576e+16,4.74072705771e+16,3.05614615526e+16,-291.141662638,104.370451844,133.852413696
2e+30,6.60602558229e+16,3.62415633908e+16,-4.62852954181e+16,30.6337586274,-168.88075269,-66.4747044261
2e+30,7.19074835473e+16,-9.89763116945e+15,8.2172913492e+16,27.1507217918,19.5471110494,-142.593959079
2e+30,2.52933878212e+16,2.56953283569e+16,-1.65267309694e+16,-454.544165345,357.438359274,98.4751740123
2e+30,-6.00865870041e+16,-1.43883268613e+16,5.00714304037e+16,34.9588289883,-306.456416124,-150.285881906
2e+30,-1.78542104502e+16,-4.67971951618e+16,-1.26064852689e+16,-247.531275171,-71.9100446277,-150.813576062
2e+30,7.62954794373e+16,2.17297702901e+16,-1.22550768037e+16,-168.513398673,-274.864353222,-56.2507018264
2e+30,1.42478385262e+17,1.06012794336e+17,1.38488909383e+16,56.0868535023,-45.9369853723,83.5465301352
2e+30,5.9451750696e+16,1.2675513739e+17,7.70698674941e+15,31.624935578,-4.9131136062,0.7644911388
2e+30,-5.9321294304e+16,8.04987466568e+16,3.02958955075e+16,90.5798467875,201.364375981,25.6718413472
2e+30,-2.06616167896e+16,-7.07616009294e+16,-3.28684327771e+16,-57.5193901713,-3.71343308576,14.8704080361
2e+30,2.23797282826e+16,2.93445656996e+16,-3.01227897159e+16,-72.9143873475,-18.3348521261,222.515231761
2e+30,8.55624124531e+16,-5.53907249455e+16,-7.32618084765e+16,-73.9074993457,-31.7294257919,-58.079568568
2e+30,1.25942332053e+16,-9.17742954596e+16,3.67743273124e+16,185.505192586,-2.31497210581,-93.374418075
2e+30,1.26601990804e+17,4.43834254727e+16,2.05122514511e+16,49.6156133733,-57.306012505,-33.8585228569
2e+30,6.3287610979e+15,4.73801026353e+16,-8.59129836307e+16,-113.032199678,-131.523098695,119.276816722
2e+30,1.07491813317e+14,3.13062932864e+16,-2.71970783006e+16,-138.434016066,114.266975223,143.854598289
2e+30,-3.99467018318e+16,2.42243916981e+16,3.21434744794e+16,-50.8593979523,-208.19757306,-154.331973653
2e+30,9.88877626899e+15,1.16958070597e+16,2.60147559157e+16,612.241343605,-676.133070064,-121.682958598
2e+30,-1.09915668966e+17,1.78060886999e+17,2.07595393881e+17,16.1344260491,20.2215258116,8.05883069428
2e+30,-5.76908526157e+17,-2.58826584218e+17,-2.73154396223e+17,2.25580195303,2.58636932669,6.90469729441
2e+30,9.80385601314e+16,-5.16439177414e+15,-3.01134372609e+16,-106.978097331,-30.0724103967,-159.193464001
2e+30,1.45091581711e+16,-6.29397749401e+16,4.43817366851e+16,191.835429257,202.333322847,-34.8576575867
2e+30,3.72685155102e+16,-1.61056201238e+17,-1.47151915254e+17,3.60571827376,-40.7248308149,19.4787787163
2e+30,2.61949261412e+16,-5.47243490674e+16,-1.06731058406e+16,133.586471876,260.758814463,-111.861343309
2e+30,9.55716536073e+16,4.28378861578e+16,-1.82194968222e+17,-35.866324227,2.96546942186,4.86259089276
2e+30,2.03544640025e+16,-7.17272516461e+16,-2.7000339913e+16,8.88701681585,-143.125739843,210.036591109
2e+30,2.84627386565e+16,-3.57951470467e+15,-1.77410673974e+16,128.563947924,-3.34225137553,-172.078212133
2e+30,-4.56485986969e+15,2.44285470664e+15,1.98321299052e+16,708.445191465,-119.839881226,360.931133858
2e+30,-6.48265485768e+16,-2.3833160851e+15,-1.56381692511e+17,-8.12883976578,43.2397397835,9.1621847074
2e+30,1.13296052076e+17,8.80601166069e+15,-2.7856296148e+16,-38.0990475851,123.365616134,-6.7462707324
2e+30,5.98183716447e+15,3.83808077346e+16,-3.07182302292e+16,443.762909971,104.17531465,-134.974763779
2e+30,1.62149735139e+16,6.41979858849e+16,-6.50454682185e+15,288.63414049,-72.310250542,316.025760714
2e+30,-4.95249757665e+15,-5.56702069519e+16,-4.05074365221e+16,-46.624280513,-39.1476424564,272.689214958
2e+30,-5.74329259929e+16,-1.87516392407e+16,-4.10977426094e+15,-234.094788366,5.55775860287,-137.310117984
2e+30,3.43747521432e+16,9.13617240313e+16,-1.75427506921e+16,-51.9902399056,-1.05921816894,-62.3220782781
2e+30,-1.02480656222e+17,-2.53872829921e+16,3.74143046189e+16,-28.3769153803,30.115667057,136.006693748
2e+30,3.43025569142e+16,6.00000776736e+16,-2.01048265296e+16,-184.328547861,-86.8796956829,195.109776643
2e+30,2.38048665928e+16,-2.49520585442e+15,3.93235010467e+16,388.510300818,299.80507322,-287.017877725
2e+30,5.06008386578e+16,-2.48032813888e+16,2.25066633456e+16,-135.301130525,-181.720022556,297.647469563
2e+30,3.69716943337e+16,-3.91725601957e+16,-9.77594696137e+15,-154.887695378,-16.8252732445,-47.3561622831
2e+30,-2.77602577861e+16,1.49652715392e+16,2.55759257485e+16,-207.047107389,-58.5869869466,-207.304484959
2e+30,-2.6428986619e+16,-3.23908521455e+16,5.9086952672e+16,255.338242307,48.0473559841,87.4059228267
2e+30,6.42679670753e+16,-3.45313636137e+16,-1.99511000744e+16,15.4510797022,-22.5016431139,400.314438164
2e+30,-1.29454437034e+15,3.51281550195e+16,4.56322851792e+16,83.2157281941,435.28945087,-229.927839955
2e+30,-1.05516244678e+17,5.43188170439e+15,-9.17383029695e+16,-44.7407184542,-8.02390828842,60.6169732591
2e+30,-7.61826833627e+16,-1.11297942975e+16,5.52257430633e+16,67.5535021006,82.0165261635,11.339232105
2e+30,5.28029749086e+16,-1.25662023396e+17,-8.31468166811e+16,-28.7097692612,49.1166212332,-109.223407725
2e+30,8.47791343914e+14,-4.70384848699e+16,-9.64812357594e+16,-75.5894109413,59.9513837271,-12.1273280739
2e+30,-3.78285469472e+16,5.6328710341e+16,2.00644956953e+16,-210.932967021,-79.823159453,-81.0525128746
2e+30,-5.97523819143e+15,-2.58511733205e+16,-1.15116589225e+15,9.22489828581,-390.842372129,185.580593793
2e+30,2.94400849245e+16,3.77433362464e+16,4.44060610472e+16,-159.281190095,-89.0412505179,17.3989635489
2e+30,9.35642033407e+16,-4.91961454875e+16,1.0442848923e+17,-22.7917169595,114.508305932,62.136341164
2e+30,1.35804056689e+16,1.99903792423e+16,4.477505762e+16,15.2617110087,135.515558274,134.0310106
2e+30,-3.15672468417e+16,-3.39973896263e+16,-4.55460289e+16,13.6822697576,334.913727524,5.25675666734
2e+30,-5.55595576003e+16,-2.11245517982e+16,1.62662408055e+16,74.1797955041,26.6189157381,-22.3285343843
2e+30,-9.80163439717e+15,-9.65053092032e+16,1.54321676189e+16,52.6356172707,-17.2257539491,-2.77769784757
2e+30,6.39720976991e+16,1.04853184139e+16,2.83768585745e+16,76.5934926012,-336.606871589,298.745814316
2e+30,1.29227385873e+15,-1.35148956845e+16,4.59371217561e+15,-219.424172571,709.377682837,-528.729639579
2e+30,-1.41578207495e+16,-1.49448184001e+17,3.68775351246e+16,33.5302029823,127.306038562,49.0400196394
2e+30,-5.01359275996e+16,6.29579331063e+16,1.65077820331e+17,-57.0342505598,-16.7168153482,19.2141949721
2e+30,1.47885464185e+16,2.50381066388e+15,-2.03117573897e+16,17.1793056159,-107.188988913,-104.070120521
2e+30,2.75549958038e+16,5.51037675955e+16,-6.43047423162e+16,168.28248084,-54.8215415869,-31.0926643344
2e+30,4.79485490178e+15,3.05136976214e+16,-6.23521979587e+15,-202.043751038,-242.005385402,-200.43343762
2e+30,-5.83495783286e+15,4.65489194684e+16,-1.08761267347e+17,-15.340359139,64.9194839726,-53.8258890041
2e+30,8.99488166428e+16,5.78034176395e+16,-1.45321427627e+16,-39.8241790425,-104.143033884,87.0024595908
2e+30,-3.8572194538e+16,3.01935209748e+16,-4.74767444254e+15,-9.16985985773,-254.309740031,174.196684322
2e+30,7.15098520972e+16,-3.84320482401e+16,-8.93665040393e+14,-101.474744499,183.04915857,132.250493611
2e+30,-8.99710202071e+15,-4.13909082121e+16,-1.71689965914e+17,39.0328790153,-16.7204487836,99.6337782872
2e+30,1.19554079635e+16,4.9674032558e+16,6.03484515764e+16,68.9111178061,118.738133323,345.761281613
2e+30,1.20569094873e+17,-8.61835363629e+16,-1.00816922553e+17,-46.5236820245,26.310283593,68.7380575716
2e+30,1.06610213492e+16,-9.38454814422e+15,3.8135192164e+16,-24.4158852489,-525.389770571,-758.540407579
2e+30,1.96981733623e+16,-7.79154902798e+15,-3.74054867582e+15,1.19834089892,-343.662679563,-588.079316004
2e+30,-3.34687990233e+15,1.3216334855e+17,5.23272262421e+16,1.13883769852,22.45990083,-10.0597254342
2e+30,-1.68743372405e+16,2.8573234337e+16,-2.71442066683e+16,-110.807206102,4.39115737488,337.918624099
2e+30,-3.78863657847e+15,9.54199004721e+15,4.65905837291e+16,-199.80190073,175.016065565,-291.948241044
2e+30,7.70490726763e+16,1.7187376528e+16,-3.97066767373e+16,-110.601984782,-168.766957427,-97.7646815591
2e+30,-1.48349430252e+18,-1.04674020977e+16,-6.34203356972e+16,0.355392444759,4.11879949292,5.53670744022
2e+30,4.55048761418e+16,3.4306008155e+16,4.29514339308e+15,78.4183711723,-75.7888896434,125.576920735
2e+30,-1.63207469327e+17,-3.27492251968e+17,-1.33224663197e+17,3.43709168474,21.0871322427,3.29777068801
2e+30,4.65381165532e+17,-3.8482724511e+17,6.18466637063e+15,2.35022071959,1.27067863491,0.448619517619
2e+30,1.85540320498e+16,6.8440330178e+16,2.4796707144e+16,152.94202172,40.4738063659,189.012291616
2e+30,8.19755474791e+16,-1.61631141674e+16,4.39020246211e+16,76.5705250492,-210.88393748,269.522979194
2e+30,-2.23713288905e+16,9.43942265069e+16,5.33568502246e+16,2.14003152069,144.090841118,-73.2262517437
2e+30,9.32803767296e+16,-1.78525750617e+16,-2.51824588015e+16,-44.7965632348,-15.1782389397,-220.722196163
2e+30,-4.3039711116e+15,-2.93214933665e+15,1.79565473027e+16,-149.273843707,680.05056739,173.707673117
2e+30,1.48648770411e+17,-3.67329694523e+14,-1.79449844957e+17,-19.6250877114,0.943111113553,26.4656383002
2e+30,2.05585841027e+16,-2.06517354735e+16,4.3842182661e+16,242.458739074,-111.991624387,-134.592374497
2e+30,5.25830873044e+16,1.2535227006e+16,-1.99665820263e+16,0.766389855053,-264.608616472,-57.5160470027
2e+30,-1.69680286265e+17,1.57690859128e+17,1.04203116728e+17,-9.14530492316,24.6130974349,-0.867294882116
2e+30,4.86572740449e+16,5.80115391684e+16,-1.85099843637e+16,143.336014587,227.723749346,5.23845420776
2e+30,1.54391063431e+16,-2.17418952717e+16,-2.9021981088e+16,-231.934200272,300.669867009,-463.922543922
2e+30,-2.28654644887e+16,4.15747992849e+16,7.96561666457e+16,-15.2433340013,-257.100749938,-150.905213837
2e+30,-3.27265472806e+16,-8.22499742684e+15,4.17816878255e+15,-340.104965181,86.4435321197,51.123156208
2e+30,-8.34044687544e+17,4.10247027751e+17,1.3229572437e+17,2.13402905064,4.94020051658,5.77258835741
2e+30,1.38220824069e+17,1.62526814102e+17,-2.14535901584e+16,20.0188064404,-17.191895897,-31.0688105651
2e+30,-1.03571782982e+17,-3.05614495492e+16,5.61939832399e+16,17.0177596629,10.4656306269,9.53761346281
2e+30,6.37601798728e+16,1.5437640428e+17,2.67465701153e+16,57.0622223738,-56.8129652526,19.646667717
2e+30,6.96365794637e+16,-1.93032848359e+16,-5.81431072786e+16,70.2110642055,-91.587816927,22.4687559625
2e+30,-3.96586310634e+15,-3.38352063311e+15,6.38795496756e+15,-518.615353027,106.465667167,34.1168897301
2e+30,-1.19857503673e+16,8.60987932375e+15,1.38462125013e+16,-28.2363485112,-344.824013114,-220.279878659
2e+30,-5.2424152734e+16,7.65546445366e+16,-9.35814782411e+15,-72.2720725772,-148.261798931,-118.962108283
2e+30,-3.08369587906e+17,-5.65389754538e+17,1.01479973498e+17,0.154366132063,1.5765370029,4.56580103663
2e+30,3.34439783444e+16,-2.00316330788e+16,1.49937138318e+16,-68.0747644452,-172.68551157,98.5822925495
2e+30,1.42349028704e+17,1.78450018191e+15,-5.39329906027e+16,-97.5315952527,-41.9474895269,49.9959657773
1e+30,3.64719874509e+16,-3.65872817048e+15,-2.33980548631e+16,119.434711731,-427.602292018,-198.159903201
1e+30,3.96222103415e+16,2.26113288833e+16,-3.78261425429e+15,-218.237285044,-412.839891895,39.7732262217
1e+30,1.55780455431e+16,7.48274334214e+16,4.46619082775e+16,-210.446800076,-75.3537501744,-139.503541164
1e+30,1.73577059948e+16,-3.58738363133e+15,-4.76322260456e+16,385.666985157,204.818960608,-122.719306011
1e+30,6.09773156846e+16,5.87384136662e+16,-5.00742152532e+16,17.8655416636,-122.42408535,-125.712936047
1e+30,9.09262501172e+15,6.6532776459e+16,4.54774028765e+16,56.7312412999,125.590616389,140.227028043
1e+30,-1.06592892336e+16,-1.88547976443e+16,1.62320382799e+16,440.947222189,-70.2229919203,296.631497023
1e+30,-2.79424694927e+16,3.64598455516e+15,1.53231310221e+16,320.014268207,-278.990266649,-224.038423235
1e+30,-1.16246859671e+17,-1.16371969799e+16,7.70336263731e+15,-0.619840349377,-103.879493296,-32.354559623
1e+30,-9.25337768722e+15,8.80036236509e+15,9.15971644556e+15,50.8391912782,-56.0578280666,315.55553864
1e+30,-1.40877654414e+16,7.33671714319e+16,-3.70180878106e+16,121.117878858,-178.797655218,22.6568264807
1e+30,-7.484546163e+15,-6.82988136856e+16,9.18727142346e+16,-102.172669662,25.110397111,-38.3702757882
1e+30,-1.50366766543e+16,-1.35051539813e+16,4.57784812828e+16,-242.393810054,44.8429413281,-322.032477386
1e+30,-1.05087111044e+16,-1.08309831034e+17,1.01297753741e+16,-77.427122151,-20.5543925799,-111.465977574
1e+30,8.02381782995e+16,7.59023574028e+16,5.39823055287e+16,0.369071362785,34.9227377441,-213.208252739
1e+30,8.62437082337e+16,-1.21793861571e+16,-2.46149579606e+16,127.608244181,245.120149206,33.8613148138
1e+30,4.35913320741e+16,3.12626071356e+16,3.90373939996e+16,-324.987023543,-46.4494296845,323.393015204
1e+30,4.99806843509e+15,-2.89258831963e+17,-1.1754430283e+17,17.7815358037,30.3425933502,6.94930826668
1e+30,-1.51132922404e+17,-2.47109406303e+16,2.74088465562e+17,32.8621016631,-11.6381606805,17.2455606266
1e+30,5.70771197983e+16,-1.17529359283e+16,6.16422527232e+16,102.734539292,278.789614102,150.611043441
1e+30,-3.08260840647e+16,-4.68431931174e+16,3.38402199489e+16,12.6469525603,281.296690813,180.791984013
1e+30,-5.10094748952e+16,9.37201848979e+16,-8.43518711122e+15,-61.6551212075,18.2196793267,41.6454814117
1e+30,9.52319633301e+16,-8.5340001985e+16,1.34401198349e+16,-101.650367378,-83.3975159103,106.087284986
1e+30,-4.57448566041e+16,1.00738588753e+17,7.14664517841e+16,19.5994049778,-2.61897994264,73.5874437193
1e+30,-1.83343576601e+17,-1.14982168502e+17,-1.71869484151e+17,3.4656826363,-13.1538728617,-0.523556365222
1e+30,4.26085579714e+16,-2.53859957984e+16,-4.29718865553e+16,4.30880549394,133.428630859,73.0336374739
1e+30,1.82514683027e+15,2.53610096492e+16,-2.24879559786e+16,321.800021296,139.347881551,80.2864829924
1e+30,-3.93757353909e+16,-2.05432597123e+16,5.25921183397e+16,-154.398920726,131.640046038,-185.409007133
1e+30,-3.50892787969e+17,-1.00243390847e+16,-1.71035021468e+16,-16.6962307958,-4.02884707525,0.018441103755
1e+30,7.07654380587e+15,-3.94063811464e+14,-3.18471167161e+16,-36.8580897536,-55.9386938918,230.985936038
1e+30,-4.12354039626e+16,7.09839073208e+16,1.16191082708e+17,-102.308754875,54.784221771,84.6224699399
1e+30,-6.22746302898e+15,-1.84966273995e+16,-3.55303745381e+16,32.0800023057,-316.843021035,280.659523236
1e+30,1.05735396814e+17,9.28880215802e+16,3.96780880104e+16,-2.01221049342,44.0293441925,34.7970077921
1e+30,-2.39508300151e+16,-9.4635506565e+16,7.41312698919e+16,63.1856552404,26.2306469666,138.404707131
1e+30,1.08175157928e+16,-1.25965142267e+16,-2.62079844927e+15,289.118416505,125.743304566,333.828602959
1e+30,1.2574768818e+17,-7.65551203583e+16,-4.08825282845e+16,121.528583312,2.39734910379,-71.0354105106
1e+30,1.35498870592e+16,5.00494177405e+16,5.33987235354e+15,4.98207916641,27.1916890629,-297.770619892
1e+30,9.83219993405e+15,-8.03503424113e+15,3.01648448012e+16,183.013854426,128.578232855,-33.972654249
1e+30,8.04155619772e+16,4.62249165414e+16,4.18491641453e+16,-14.5953323729,-40.2188346143,-25.0150366437
1e+30,-2.80400696266e+17,-9.79151480177e+15,-2.46083826458e+16,18.2765595593,9.03081167977,0.909349973337
1e+30,-8.27277968631e+16,4.12200713726e+16,-5.92060657326e+17,2.52984955677,3.5812870376,13.0232645852
1e+30,8.56511347889e+16,-9.12217714436e+16,4.40435623754e+16,58.3025869924,43.8852441441,-6.89445066145
1e+30,3.42959585485e+16,-2.4583559687e+16,-2.53736685842e+16,196.998596344,-381.779323392,85.9451062562
1e+30,1.74364398979e+17,1.07936919408e+16,-8.06760331579e+13,-40.9023714746,-23.0088433214,27.9531995623
1e+30,1.76083637726e+16,-2.50077226286e+15,1.66637392885e+16,-201.262848773,884.39476085,-34.984622144
1e+30,-9.66100079452e+15,6.0080855171e+15,-2.35861993817e+16,-356.818260314,269.743365418,54.7754013148
1e+30,-2.01663733417e+17,1.63164213817e+17,-1.8337329439e+17,24.6702264277,5.32766362393,7.51749185113
1e+30,7.09150305876e+16,-6.03356424175e+15,-2.50262708214e+15,60.9993603229,286.981180252,128.40180455
1e+30,8.67879021208e+16,1.88250399037e+16,3.98353982509e+16,-87.5170243658,166.14961654,-67.3226178858
1e+30,4.82318371161e+15,2.20065002815e+15,-1.47725544354e+16,218.340597372,-92.0200577054,-94.7087746492
1e+30,3.28826202121e+16,3.03078289837e+16,3.79727807742e+16,-77.7956102473,18.7694401993,-46.0213189194
1e+30,1.06735403968e+17,-1.34934303934e+16,1.30995694358e+17,21.3345440845,-99.6090906177,102.228221606
1e+30,-2.22335162099e+16,6.85599405169e+15,1.48929329613e+16,197.133864834,-119.621409359,317.916878463
1e+30,1.43700693266e+17,-4.09124204782e+16,-1.73469195567e+16,42.500301848,-92.771159751,-82.5818751481
1e+30,7.25546566422e+16,3.11813310405e+16,-3.11787838887e+16,-304.54873499,-125.322519849,-161.792976968
1e+30,-2.00583847348e+16,2.49422073016e+16,-4.15624250001e+16,-156.811486084,-29.1365119711,-60.7287974778
1e+30,1.6800181857e+16,-7.72977539428e+15,-2.03364754347e+16,240.698604993,132.472052693,-61.741008917
1e+30,-2.02454116229e+16,3.19756434828e+16,-2.81429779622e+16,263.646225123,-139.36137558,-213.636220351
1e+30,7.13451172736e+14,-2.11244554254e+16,-3.88259037958e+15,465.819369993,24.0779217543,396.954284046
1e+30,5.69814989416e+15,5.07403269233e+16,-5.7201024954e+16,34.9896707087,100.686343238,29.2696185137
1e+30,-1.04921798826e+17,4.36611880975e+17,-2.51441767428e+17,7.66965826435,-7.55589146033,8.41046444826
1e+30,8.31921397928e+16,3.68372932746e+15,6.47938590268e+16,-32.8434922138,246.288559771,168.182354787
1e+30,7.33177168012e+16,-1.13362461068e+15,-4.89489989552e+16,-20.4655002707,167.613098957,-57.9752530369
1e+30,5.20552656067e+16,4.80962969608e+16,-2.00282877457e+16,-202.681202588,-145.390171336,199.980082373
1e+30,4.00257317161e+16,-2.91164860423e+16,-2.70303864393e+16,31.0333396264,-248.626155652,118.835281711
1e+30,9.05025985216e+15,-2.44749967393e+16,-1.3985695492e+16,-432.686133538,-213.891088101,-208.785048032
1e+30,1.10911286509e+16,-1.40938364182e+16,1.98062956366e+16,83.0288322649,320.42911411,-328.754520818
1e+30,1.02614288353e+17,-5.74240235005e+15,2.30457856935e+16,-149.638314433,70.7461197344,-112.01158157
1e+30,3.41113601883e+16,-4.88216672669e+16,1.25480023017e+16,-27.0657936563,-107.178252631,-52.4522355544
1e+30,1.10104400852e+15,5.53741709212e+16,2.82431296434e+16,97.584281478,270.866118192,21.4574025873
1e+30,2.52887070161e+16,-5.39281782424e+16,1.10820423132e+17,1.97700406349,-8.50386732496,-10.2797054622
1e+30,4.65333951699e+16,-1.14205776332e+17,2.90474163954e+17,10.1727302789,8.02360227667,-14.837543078
1e+30,9.09099211158e+16,-2.37106068449e+17,-1.54039947199e+17,-12.6188664916,-24.1290125978,-13.3518527172
1e+30,-7.9229647443e+15,9.196425358e+16,3.98553584857e+16,95.9261710859,-33.8005539629,130.188819794
1e+30,6.30562098029e+16,9.52800804589e+16,-2.96772863174e+16,92.1513414003,-37.1197040836,15.8128164092
1e+30,-3.72368731764e+16,5.34098184792e+16,4.88168215079e+16,124.583794849,39.2063232148,157.031071995
1e+30,8.93996199389e+15,-1.6520488339e+17,-4.85056574036e+16,-32.1246823729,55.5682795008,58.3827996905
1e+30,-6.45588493237e+16,4.91362524537e+16,-2.91593948161e+16,-30.832727205,-39.1181491095,2.05513481659
1e+30,1.35060261763e+16,-6.92198344334e+15,8.9470589996e+15,567.571313664,-116.315245581,483.970968092
1e+30,5.71666201353e+16,4.70476096135e+14,1.14887304558e+17,33.4643329076,-71.1376245722,144.046889196
1e+30,1.44545672903e+16,2.16895055335e+16,-2.90909960582e+16,311.159863029,-432.806810281,-43.4596508441
1e+30,-8.6671500063e+16,-1.48226701102e+17,-5.62456348642e+16,12.7984724656,42.42944778,-32.6008153865
1e+30,-1.96381567221e+16,-1.13041939322e+17,-1.56763890857e+16,60.3262030988,22.0433775145,21.5101890058
1e+30,-5.84558439209e+15,-1.23041248745e+17,2.55378978577e+16,95.3302862071,57.9142259481,52.9251115009
1e+30,-5.68394181077e+16,-3.01787166254e+16,3.86935223667e+16,64.7938455017,-263.653712365,-239.129142075
1e+30,3.70534125426e+16,1.30488803984e+16,-1.88704614093e+16,-17.2102094022,-181.380298609,146.773912278
1e+30,5.03134013873e+16,-8.15719574027e+15,-1.17234895866e+16,-105.417791176,-72.5448332579,105.125735957
1e+30,-1.31472626477e+17,5.8603843066e+16,-7.44038440945e+16,-33.8895431848,15.1666537846,-16.3133060322
1e+30,-3.95066336154e+16,2.67548833692e+16,-2.69140383633e+16,-130.084939801,-66.9608267349,6.25414293613
1e+30,-6.15375767271e+16,-6.28126204877e+16,4.85902467572e+16,-24.8160721056,-90.9402035865,-85.3747615229
1e+30,9.58068273691e+16,-1.32030855845e+16,2.65564586774e+16,-23.352311121,69.9499051629,-50.4953735953
1e+30,3.80176605856e+16,3.60724913984e+16,2.18996350857e+16,244.673706454,-139.25367505,179.726285373
1e+30,1.92872582066e+17,-6.23217802283e+16,6.54114381547e+16,-7.70660439932,-41.0988341408,71.7850045226
1e+30,-2.9467877502e+16,-7.08352066534e+16,1.30770449971e+17,-21.4888832483,-11.9449787998,-44.4712362377
1e+30,7.43941838302e+16,-2.02222673867e+16,9.83991184542e+15,-116.464154853,-135.72380333,109.216062789
1e+30,-4.87534970137e+15,-3.57064122358e+16,1.59649585101e+16,14.659783355,-185.483351594,-138.949066517
1e+30,-1.14294002042e+16,3.28864313149e+16,-4.54850669868e+16,-41.641605479,22.6957045637,174.107883292
1e+30,4.53507410038e+16,3.28721191852e+16,9.29133661272e+16,37.721169478,-8.81772142125,-60.7195245149
1e+30,-1.41089226151e+16,7.49371449093e+15,-2.36047898921e+16,461.871137708,-106.794982345,133.859940957
1e+30,1.30438044744e+16,5.30559609675e+16,-1.32928345835e+16,-17.805549751,-209.98772799,172.864906348
1e+30,-2.58980321675e+15,-2.05760086846e+16,-3.531552781e+16,-17.1368854091,410.582582811,-316.701418672
1e+30,4.27367004628e+16,2.56447893688e+16,2.29155931104e+16,-392.438841834,219.394751081,-102.868102019
1e+30,4.55380847924e+15,6.20054882913e+15,-5.29222688872e+15,155.46905415,311.858229279,-358.598918382
1e+30,4.95372180071e+16,1.22413665497e+16,3.7274771821e+16,221.802672409,-57.87047548,156.112744879
1e+30,-3.64208447652e+16,-7.1752798933e+15,1.90702709755e+16,-254.268565743,29.6660959955,-184.263145022
1e+30,-5.56889261684e+16,2.84889607381e+16,1.15081536042e+17,-17.9521350054,60.2436195485,125.021710145
1e+30,-3.66594766168e+16,-1.96287444926e+17,2.12187300789e+17,11.6600317994,-18.8249132555,5.152817678
1e+30,-2.48140412766e+16,-4.55748389287e+16,-3.08299070183e+15,-175.46568981,48.7245690094,393.371326643
1e+30,3.15343563159e+15,-1.82054707366e+16,2.10025292434e+16,406.554622895,520.743726182,366.415443135
1e+30,-4.60517783367e+16,3.58807866804e+16,1.44867208539e+17,16.0335659946,-98.6368559811,43.9775928943
1e+30,4.05219558447e+16,1.11077864434e+17,1.13106459299e+17,66.287454806,66.0017509111,81.8886143432
1e+30,2.72681873982e+17,4.59904164765e+16,2.1274741138e+16,-3.92138910205,-4.00480390868,34.0727331841
1e+30,-3.88788402399e+16,5.80585994034e+16,3.75543225495e+16,-211.990307062,155.591187981,204.102753948
1e+30,3.53132578206e+16,-5.90469811351e+15,1.24332592609e+16,407.457165459,-333.151272653,112.748700434
1e+30,2.59814987e+17,3.7853440681e+16,-8.87803509659e+16,0.241936778042,16.3831353301,1.07006524557
1e+30,-3.03009261772e+16,1.13106026112e+16,-1.24354404686e+17,12.1418416165,22.3472230424,-32.5675818357
1e+30,7.09113766287e+16,-6.05109856452e+14,-2.11833457831e+16,-85.7075395895,198.806700661,160.678996131
1e+30,-8.02945797509e+15,-1.48351746812e+17,2.02360886482e+16,35.5235278746,-19.3272632038,-93.064963334
1e+30,3.66489023186e+16,3.65049151901e+16,3.5478163357e+16,-249.104094924,-479.014824677,51.9581466434
1e+30,-1.20408906053e+17,2.3744377122e+16,-9.16908557814e+15,53.5645850351,46.3849579152,-36.2445623968
1e+30,3.42784827408e+16,5.32301705934e+16,7.23893277769e+16,-136.544651336,-198.163705563,17.7830368372
1e+30,1.20070744922e+16,-7.45682992828e+16,-7.31708332303e+16,-77.5845412207,-118.190088841,-54.8376730413
1e+30,1.80106006712e+16,7.84742823143e+16,-5.67368610041e+15,64.9533393391,-116.192622006,116.45003954
1e+30,-9.84718313823e+15,-5.30730244753e+15,-3.33399594199e+15,57.6769949456,-103.753475837,-431.650328374
1e+30,5.74079895282e+16,-2.72182957782e+16,8.65447753528e+16,185.933803838,104.541915915,-219.465761658
1e+30,-7.52994010923e+16,-1.55416785811e+16,-8.97121835355e+16,35.0411678157,72.0248449198,-48.7384962087
1e+30,4.49954838761e+16,4.34846039076e+16,-5.12113299209e+15,5.10513796133,-32.9032908014,178.319519551
1e+30,5.82447256741e+16,-3.47131814185e+16,5.33843058749e+16,66.9754739211,-245.772447216,-131.241099793
1e+30,1.78179099666e+16,1.46297196711e+17,9.86761907059e+16,78.2402919668,-75.662072996,10.2613997553
1e+30,3.99462032767e+16,1.07223302467e+17,3.57292325095e+16,194.329321126,-21.1207995881,37.71010152
1e+30,1.06907652925e+16,-4.36973631641e+16,-1.57090350765e+16,-117.655631641,324.132741688,121.754510595
1e+30,1.09521324539e+17,-2.04193342223e+16,-3.4351351741e+16,4.63465519583,187.288447647,-43.4652432812
1e+30,2.0898556946e+16,-3.54682734408e+16,2.94482314483e+16,-440.371967766,-92.4792353874,-233.663323726
1e+30,-4.80202662399e+14,-1.82454207988e+15,-2.95259274244e+17,3.63936752214,25.6820281765,32.3346893901
1e+30,2.61273485404e+16,-1.89353347869e+16,5.95704861734e+16,-159.334203264,-19.37103501,133.605967031
1e+30,-1.16638552357e+16,-3.61131146297e+15,1.80443061286e+16,86.4250653019,-145.903080457,397.60323879
1e+30,-1.79211401233e+16,-1.91665174714e+15,8.00199809978e+16,57.7165941777,48.411908379,-151.527290653
1e+30,4.74718897071e+15,-3.08405505089e+16,-6.81860548016e+15,-15.8538618415,-568.854104696,68.1002074137
1e+30,2.27724330049e+16,7.37343453541e+15,-1.95352770379e+16,-173.610496685,198.383394234,-129.900557923
1e+30,-7.80212006362e+16,1.95137062051e+16,4.23101886847e+16,133.601153013,-185.760991961,-131.592403625
1e+30,6.66401479579e+16,4.96801802301e+16,1.1521094952e+16,-159.029828645,40.8462297826,-131.11549252
1e+30,-1.52469910612e+17,5.94177113861e+15,-5.51947841951e+16,13.9786723176,-19.3033857064,-66.6053152064
1e+30,-6.5475890264e+16,1.01335746424e+17,1.25289413862e+17,-35.8663995108,-37.5360831232,26.2075537626
1e+30,1.91078719636e+16,4.4516896219e+16,3.68549458057e+16,-284.898379392,224.267588754,219.239720088
1e+30,3.01677978354e+16,-5.76279025044e+16,2.55938486975e+16,-49.4590439334,213.839753357,-181.561992264
1e+30,4.32910148443e+16,-2.98234837148e+16,4.22409334455e+15,363.133861347,-83.4718500574,-127.464161925
1e+30,9.04046577259e+15,-1.13618994775e+17,1.24521579452e+16,-11.3848075615,10.7386115613,39.5400244166
1e+30,-5.65001300616e+16,2.39639901631e+17,8.99974732103e+16,-13.725958011,-8.15960814308,11.4587952791
1e+30,1.2556500253e+17,1.46266709523e+16,-3.29969992484e+16,-112.628484036,-106.400484893,-23.5097657589
1e+30,7.76953295012e+16,-4.78227449881e+15,-2.36830696067e+16,109.456545208,189.498075275,-67.3016130441
1e+30,-1.31723889117e+16,-2.2044090283e+17,1.23952543259e+17,-2.50643371165,-22.7039460952,2.13514163147
1e+30,-1.28032559855e+16,-6.06539404125e+16,5.85348206921e+16,-192.832850074,142.079372447,-32.0588873473
1e+30,-3.63807943923e+16,-3.71906201883e+16,1.15254453285e+17,-8.74090129597,72.2045084158,-4.80123292577
1e+30,5.0418207543e+16,1.75995898991e+16,2.63833104108e+16,151.530437174,-188.305318418,-70.5978108441
1e+30,9.18357207192e+14,1.20539464265e+16,8.91419116207e+14,-871.524769567,-124.90982365,213.901082707
1e+30,6.14416297342e+16,1.00685895016e+16,-4.08195369379e+16,78.0188369696,-138.600642914,-254.746198885
1e+30,-4.10434760737e+16,-6.87444957398e+15,-1.95574985066e+16,231.817832618,155.200465941,-238.528735767
1e+30,6.91639925145e+16,2.05230819928e+16,-4.06393522282e+15,-331.697773566,172.181234532,10.7437501126
1e+30,-3.11210303926e+16,-9.42992525422e+16,2.3024390923e+17,31.6997474736,-5.93669476883,4.82470964081
1e+30,-1.78997865352e+16,-1.59561712853e+16,9.2140311787e+16,-212.852243286,-140.249288003,100.073483286
1e+30,-1.21826278903e+17,1.83433663744e+17,1.38857034583e+16,-3.95015559747,33.3491787296,-24.590822333
1e+30,-5.48062655471e+15,7.36180921828e+15,-4.13096053156e+16,148.05986934,-175.957716752,251.106817631
1e+30,1.05186939606e+16,-1.91984265642e+15,2.00014212319e+16,221.323198709,-52.249063477,154.125333535
1e+30,-1.127495221e+17,-1.07431687186e+17,3.60716469763e+16,-18.1931570039,47.4063363018,-42.8704500502
1e+30,1.36379472183e+16,4.99668069065e+16,2.63057128865e+16,-127.005127023,110.771534487,145.166320206
1e+30,-1.8530257379e+16,5.86657209132e+16,6.23175035917e+16,-191.978614101,210.417659774,-71.8176855614
1e+30,-4.01496230591e+16,1.16700321721e+16,5.01706087744e+16,91.7072696836,234.023694051,178.731325249
1e+30,1.15440492789e+17,1.39855610281e+17,-7.09020820666e+16,-22.1113148712,14.0251569968,39.7487214349
1e+30,-1.88914707933e+16,1.00590329541e+15,1.36827218123e+16,-571.295278118,-209.419320462,408.223774521
1e+30,3.70243883715e+16,2.30223467955e+16,3.20333397223e+16,-6.68062106402,-411.94040101,-51.0800880113
1e+30,1.71210590583e+16,-8.16552458294e+16,-4.36573631104e+16,-3.10441360956,171.227086788,70.8125726567
1e+30,-6.05471175903e+15,2.51819389863e+16,3.38164422839e+15,-55.2818469855,-603.600942129,-48.2811157662
1e+30,3.28649442879e+16,-6.06803508431e+15,2.87578591384e+16,-78.0960960188,298.842420932,257.879861213
1e+30,3.61832752191e+16,-3.50470925712e+16,8.12532811308e+16,230.535013638,-124.35498487,-51.362951208
1e+30,1.29580109961e+16,-4.81807810127e+16,-2.34288868044e+16,-331.634097221,103.767060909,-17.6408228654
1e+30,2.95320636758e+15,6.59433490944e+15,2.17958912474e+16,-191.848186169,236.983293836,32.8998609922
1e+30,2.43026490693e+16,4.75749421225e+16,2.32096947659e+16,-64.5205432687,-48.257914285,-231.451161362
1e+30,4.41062287796e+15,1.09413163152e+16,1.51646877461e+17,-144.073908233,-69.8691766944,31.0607675599
1e+30,-1.15440029757e+16,-7.53709234145e+16,7.10664653935e+16,192.552579486,-97.6312354924,-54.592152105
1e+30,1.65868863813e+17,2.17042027133e+16,9.52837728848e+15,-20.6662073674,-10.2629480856,-50.8040988721
1e+30,3.51228013295e+17,2.91456549605e+16,1.60795300719e+17,2.54363259437,1.42737812285,-14.4186367342
1e+30,6.13443773154e+16,-7.17082707235e+16,3.29264578136e+16,190.520554228,173.758837042,14.197981244
1e+30,1.89619296018e+15,1.73888575255e+16,4.33066716826e+16,167.687651083,459.497912872,82.3398585925
1e+30,9.52898069601e+15,-1.91174736707e+16,-3.74014559885e+16,119.514208896,39.4842818169,-240.321833321
1e+30,3.47124691633e+16,-4.10422137924e+16,-1.543623025e+16,-133.801055728,-17.8445071633,83.5433270726
1e+30,7.07704091381e+15,1.98084978013e+16,1.8589973819e+16,102.908728075,38.2397344692,224.574140536
1e+30,3.11267695808e+16,4.06921949793e+16,4.78933795144e+16,51.9446439788,151.514759697,269.288856812
1e+30,-2.28904123209e+16,1.10392075977e+16,-1.98444015504e+15,38.0391877667,353.366334864,-277.719688769
1e+30,7.7914000169e+16,-6.31642968959e+16,8.23686568334e+16,11.8194566238,58.3968048595,-82.1416616223
1e+30,-5.78138320567e+16,8.5397541811e+16,1.80548340076e+16,-22.6085370164,-20.5623534197,-77.1667513669
1e+30,3.67228143273e+16,7.40936553031e+15,2.62790006204e+15,229.456091698,-337.15326205,315.353307175
1e+30,4.1661630642e+16,-6.60793733615e+16,6.35395864613e+16,-145.027284896,17.6929452301,199.662354567
1e+30,-3.23239391253e+16,-1.17151676336e+16,7.97059641004e+15,-263.004131443,13.0202473809,61.991018983
1e+30,-8.92594960669e+16,-1.94112707907e+16,5.3048503205e+16,13.5776515668,-20.4008872468,-132.364428513
1e+30,6.01091293315e+16,-4.37049065665e+16,8.68002268401e+16,8.79300089049,69.7181786418,43.6917150633
1e+30,2.01153890972e+16,8.34636624416e+16,7.49950207468e+16,82.5574578823,-137.221477255,89.5461024493
1e+30,2.12432262747e+16,-2.499009712e+16,3.19304708055e+16,413.051387392,108.596645964,-94.2230094735
1e+30,3.79697481458e+17,-3.74751146092e+16,2.72565533824e+17,8.57300724826,-2.29028730097,13.7216455239
1e+30,-1.01206086778e+16,4.20834052606e+16,-3.71448804362e+16,-330.891696044,168.501670255,54.4663382672
1e+30,-7.17208581969e+16,-6.07606108621e+16,-2.14472323356e+16,-85.3738715026,119.358142743,46.5577656117
1e+30,-2.68301678078e+16,1.82097733469e+16,3.63851680677e+16,-117.708248186,-63.6950344429,-252.889183713
1e+30,3.55836820069e+16,-1.66285922234e+14,2.25058372727e+16,-11.6314812137,189.892482772,345.735590821
1e+30,1.74742490798e+16,2.10936004186e+17,2.92570817426e+17,1.29040769229,-0.426714465262,-0.165634720064
1e+30,-5.13358301968e+16,-1.73788935246e+17,-5.0813016646e+16,23.6866535688,14.6668699613,30.9392765551
1e+30,6.57033329778e+16,1.16844448751e+16,-7.12993859606e+16,-141.907420584,102.419829395,62.8780748338
1e+30,-1.24093952241e+17,2.21735246208e+17,1.07037323671e+17,10.7581983709,13.7583576787,22.9103246669
1e+30,3.35185262934e+16,-8.98938722043e+16,5.79195625628e+16,-21.1016651422,-113.877654659,91.6622396388
1e+30,2.99101821122e+16,-3.33370074065e+16,5.11388360453e+16,-128.762750117,-89.8062752496,-56.4492571347
1e+30,6.61203243378e+16,2.74187561798e+16,-1.79546128664e+16,263.736057406,229.033498107,-69.33792338
1e+30,-1.6165722767e+16,-5.7652515676e+16,4.20052916375e+16,-60.3803372688,232.433183255,1.57706559566
1e+30,-5.12009607237e+16,-1.13357515317e+16,-3.41970099993e+15,139.530314746,58.0400484069,37.824350539
1e+30,2.85332100802e+16,-8.20686510637e+15,3.18150339226e+16,-220.978484996,241.788725291,-52.0893547739
1e+30,1.83960309397e+16,2.12178764926e+16,2.320364735e+16,231.414850865,-210.095708261,-261.381076035
1e+30,1.29632942428e+16,-2.53237198362e+16,4.19110039035e+16,660.251397285,246.84813246,-275.757962729
1e+30,-1.92977494039e+16,-2.6387603102e+16,-4.27187936488e+16,-38.248653722,29.7355274343,80.7579794064
1e+30,-5.98258927581e+16,-1.31910244094e+17,-1.65726656748e+17,47.7654878914,18.0160013624,-15.6532027819
1e+30,-9.10128534832e+16,2.00920900167e+17,-1.30947167108e+17,-25.258161662,-22.7517062169,-1.32081241594
1e+30,2.62715544432e+17,-5.31558062366e+16,-7.32101286845e+16,-27.8758991477,1.02421813436,44.3458185746
1e+30,-1.7503984355e+17,-1.2565077308e+17,-2.2521735354e+17,-1.05900224726,14.8335694008,0.228996232638
1e+30,4.8529841514e+17,4.92481634558e+16,1.39769898285e+17,-4.51534513048,2.72831135643,-8.01603716255
1e+30,-1.04251093377e+17,-4.12812318928e+16,-4.02857611491e+16,27.0798789016,18.9192103211,-19.3421401532
1e+30,6.43071431048e+15,-6.56344578036e+16,-1.14321393925e+17,-73.2788890844,31.837974023,-24.5648236391
1e+30,-1.7614606596e+16,-2.8010889953e+16,3.72754805015e+16,-137.136586795,-237.572578494,-89.2781579515
1e+30,-1.2909327748e+17,-9.55196941987e+16,2.17048629189e+17,-28.1324418825,-3.76337491558,18.8594315176
1e+30,1.3989532218e+16,-5.00922896575e+16,-4.0672927468e+15,-27.340275831,151.881977964,126.604381978
1e+30,-5.66121399539e+16,-1.03484822469e+17,1.37853014622e+16,36.7095933811,-66.2042926786,-90.9928160474
1e+30,-2.82592324472e+16,-1.05572353321e+17,-2.42232443048e+17,-20.7878102411,-13.5103469498,-8.64074352151
1e+30,-4.47236511218e+15,2.57134647551e+16,-3.07536782255e+15,238.935315167,61.9470658002,-258.509713492
1e+30,2.70856310938e+16,-2.56890360925e+16,-2.81858836628e+15,-16.1741330019,316.377400821,387.228315409
1e+30,-1.50260648209e+18,3.50285050772e+17,-7.06754674423e+17,0.693939333393,3.05367475998,5.32211453795
1e+30,1.1928730371e+16,-2.8612489538e+16,-6.38642038999e+16,-154.133829945,-20.7402798035,11.4216822561
1e+30,1.44062987686e+16,2.3463527743e+16,1.60586285457e+16,138.130209029,-579.7849653,176.325458956
1e+30,-2.75364981798e+17,2.07574633829e+16,-1.33460565875e+17,-11.2122631005,25.9274599932,4.73443740774
1e+30,8.6935857069e+16,-7.67985388032e+15,-4.22850953382e+16,77.2379330232,12.1140923691,-144.80863164
1e+30,4.41860531983e+16,2.89371624168e+16,6.95506122075e+16,-268.393802211,-132.645862406,-25.9181818176
1e+30,5.77204908452e+16,5.70161383482e+16,-7.21220372804e+15,148.530523316,-194.582694158,-247.123105872
1e+30,2.12699844379e+16,-6.58483649112e+16,-4.70309746325e+16,-252.177697876,-133.933868421,21.9192943272
1e+30,-2.08208376366e+16,1.18287991086e+16,1.92087221688e+16,321.915210892,-241.109505407,-116.33469039
1e+30,-1.08084910205e+17,9.39006940831e+15,-1.82268331878e+15,12.5630559408,0.45643992894,1.68393790685
1e+30,3.84949870784e+15,-3.19026268067e+16,4.03054690384e+16,-561.107680545,-223.538900155,108.096132878
1e+30,9.76185920452e+16,-7.22182513449e+16,-2.5458961849e+16,-6.22071905499,129.799589961,-24.5091195035
1e+30,7.93688437695e+16,-3.95094980069e+15,-5.17509930758e+16,-11.358084772,-53.5954396972,223.943392626
1e+30,7.55582898917e+15,1.38272786973e+17,-5.5154247195e+16,-29.2952793097,-36.763583308,-74.2373735393
1e+30,-1.49822127525e+16,9.20503463307e+15,-4.17723563558e+16,-238.393632209,112.953629267,120.192824917
1e+30,-4.04075115204e+16,6.53507957629e+16,4.53206858372e+15,-181.261372601,-81.8341967772,189.393805021
1e+30,-2.03789159013e+17,3.37452342187e+16,1.74357634983e+17,21.2418761201,26.2811698022,34.8822690589
1e+30,-2.33736397897e+16,-5.52160607769e+16,1.68919356246e+16,-386.369474079,64.9019402516,102.310381198
1e+30,-1.8905376322e+17,1.67405422253e+17,2.02892189108e+17,19.3138456916,9.15668884347,4.71670238476
1e+30,-7.84979624503e+14,-7.52787687447e+16,-1.03072759782e+16,103.831526303,-16.6073806667,-24.8227749966
1e+30,9.13982518786e+15,-3.71021594316e+16,-1.06415017747e+17,-68.2499444705,28.837031037,-46.4825309573
