2e+30,2.43733318394e+16,-4.36064283586e+16,-3.80816187455e+16,-29.3510425363,-45.4701276341,378.600898111
2e+30,1.36679448391e+17,9.31814707487e+16,2.87660027883e+15,-34.7770839593,-27.7371548515,-45.8507009029
2e+30,-7.05954628279e+16,-3.1169149981e+16,3.71105163321e+16,-56.7136494356,60.4683005388,123.730115455
2e+30,6.59707357054e+16,2.81058146259e+15,-5.28168719104e+16,40.9830586461,-38.7485227897,-99.4367152638
2e+30,-1.05283755571e+17,-2.908735302e+16,-5.87817560308e+16,-70.4178330465,139.80342343,-112.881536129
2e+30,9.61051469844e+15,-1.41914823902e+15,-2.33465926665e+16,118.051478739,0.278168821945,-141.043637013
2e+30,1.55998707703e+16,2.36904647936e+16,1.47562919452e+16,-240.248047889,-575.761947457,384.721784196
2e+30,-4.57310620224e+16,1.53442904361e+16,-5.02476713415e+16,-367.41677079,38.3663122598,-77.0580532156
2e+30,-5.86833668507e+16,8.49437756742e+16,-5.46846665847e+16,-25.1516039281,13.5329360213,-148.94269957
2e+30,4.96630053214e+16,1.27307135744e+16,-1.91127145449e+16,-98.1891724229,118.333669909,-1.79928888721
2e+30,8.27275401819e+16,3.15986701261e+16,-1.80298674439e+16,-78.3696002478,140.74299447,28.8024734663
2e+30,1.28571444762e+17,1.67571916464e+17,1.56712067943e+17,14.9393030057,11.716524433,-0.642455610515
2e+30,6.29688699311e+15,-7.11785790688e+16,-6.50107444403e+16,235.028396414,-56.5662565529,-30.4139584233
2e+30,2.68194490351e+17,-1.19243261364e+17,-1.41309048065e+17,11.5599360179,3.60447944658,-7.98762478291
2e+30,-6.26922615462e+16,9.17401339257e+16,5.54485507885e+16,-28.2037806539,99.2675064202,-105.311499664
2e+30,-9.23882902061e+15,3.13776838416e+16,-2.75293069386e+16,72.811440811,-388.068434632,-78.1571661966
2e+30,-2.80063688072e+16,2.05919891169e+16,1.51973329591e+17,19.0225502784,19.1519939776,-4.92866267956
2e+30,7.8678491772e+15,3.33034195732e+16,4.33108610787e+16,-11.490552297,206.931326607,-490.532268055
2e+30,4.31549528838e+16,-1.46398392589e+17,8.93280083395e+16,2.70954594753,47.5204599468,-7.81695658951
2e+30,-1.14827537247e+15,-3.42976696693e+16,-7.14855175011e+16,-27.8122212931,193.612748878,-2.714772772
2e+30,-6.65968475751e+17,-1.21695584219e+18,1.87766262457e+17,1.17045855704,8.24034184817,-7.63560110402
2e+30,1.70499821618e+16,5.90961238595e+16,8.74221814149e+15,120.097026189,-476.684494776,67.4720399723
2e+30,-4.69115432565e+16,-6.23714655713e+16,-6.2206116933e+15,32.8135633648,-116.622770587,-105.985828413
2e+30,-5.10965414436e+15,6.47254379118e+16,1.05455421586e+16,-123.266032766,-8.71393496338,-1.59427917204
2e+30,3.22400781231e+16,-5.33323921559e+16,1.54821623759e+17,-12.8567306491,-33.1512728774,-33.637161953
2e+30,2.40194557317e+16,-5.6241936843e+16,1.95439347018e+16,154.687414419,-314.255989111,-134.106559215
2e+30,1.40441748381e+17,2.48679014564e+17,-1.46064063578e+16,-19.4831123451,-5.7603464836,-4.8508728527
2e+30,1.51376791809e+16,-7.77747164099e+16,-6.89142595958e+16,-177.323251969,40.3156994899,-45.1913849892
2e+30,7.5162443705e+16,5.69959923476e+15,1.64746599035e+17,-3.95993601806,-16.1603705793,-80.7241775059
2e+30,-4.85949469469e+16,7.12216206951e+16,-6.00261756419e+16,120.152177645,-123.208986076,-87.3581923278
2e+30,-4.28502640254e+16,2.15532754553e+16,-3.1814233461e+16,161.092194341,144.985745649,42.6494241088
2e+30,-6.48680942059e+16,-2.40309679654e+16,4.85891282712e+16,-131.792884281,68.564200103,234.485313933
2e+30,8.11622653954e+16,4.16832249706e+16,-6.04005098058e+16,-114.3977953,21.937203032,-157.639630093
2e+30,-1.11650594985e+16,-1.0195959591e+16,6.54223911295e+15,-3.3084424364,421.013029236,717.238719782
2e+30,-2.38785735721e+16,-6.26964364281e+16,8.99465277265e+16,103.41055473,120.219769844,-158.013839152
2e+30,-1.61011721288e+16,-1.05584508416e+17,2.56523192214e+16,-157.105099639,39.1069377965,51.8915982679
2e+30,-1.24213411476e+15,5.57811690278e+16,-2.08234715469e+16,43.7841576148,-80.9335344754,161.502186334
2e+30,2.53123016347e+17,-5.12818962047e+17,1.01035584783e+17,5.66546962866,5.57176917687,-8.60845405624
2e+30,-6.06838695592e+16,4.74149276469e+16,3.15781175897e+16,90.9007654417,132.796241663,54.2033530724
2e+30,-5.78781687809e+16,-1.72411197355e+16,4.55113461624e+16,-189.97272512,198.234042748,-134.891398656
2e+30,-1.11134490895e+15,1.36851750669e+15,-4.15170979811e+15,-42.9381485069,-473.639636664,-39.3190412533
2e+30,1.92756615164e+14,-2.05370153855e+16,-2.99452528562e+16,-356.087110102,-124.177131598,144.868475052
2e+30,-7.05349874687e+16,-1.66314721661e+17,-2.2899352138e+16,74.988919545,-2.62133367192,6.738736731
2e+30,-3.90426805857e+16,-1.95580300218e+16,-1.24264837601e+16,121.300961847,-379.218688907,-192.962649162
2e+30,2.01564328889e+16,8.49815342955e+16,9.0507487179e+13,31.3426950935,103.011946069,16.6764426469
2e+30,-2.60356716896e+16,-2.77108618948e+16,-7.22091685202e+16,-99.9660073351,49.5814406019,-108.258893912
2e+30,-1.0200789839e+16,2.79952206039e+16,1.81221438256e+15,-39.340023161,115.704657986,-557.067994314
2e+30,1.27940362889e+17,-3.54315925477e+15,-1.6299668084e+16,68.758438383,83.4274644389,-39.3792810441
2e+30,-3.15971518831e+16,-2.07136104274e+16,4.65668394443e+16,-81.6659348088,358.587280879,-241.726745713
2e+30,-8.67371917574e+16,-7.89504979809e+16,-1.73843895567e+15,126.24703729,44.574400475,59.4515603311
2e+30,-1.14538180223e+15,-2.44519071327e+16,-3.00658344736e+16,189.364005313,437.428399137,-25.7457750592
2e+30,-1.07274035372e+16,-7.80782811892e+16,3.91621233028e+16,127.255780367,109.176934639,97.9202419131
2e+30,-1.47648714253e+16,-1.03271043724e+16,-5.25442302363e+16,16.3612400885,140.514873872,134.117070302
2e+30,-2.9747872631e+17,-2.1841638325e+17,4.08722993261e+17,-1.40971929789,3.92880937096,-15.9839556537
2e+30,-4.79586213951e+17,-1.36822834716e+17,3.99740062626e+17,-6.5086752133,7.93449937146,-10.6434670211
2e+30,-1.16004629778e+17,-9.70861947373e+16,-5.21892876079e+16,59.8713350899,2.54238526163,-35.1869937369
2e+30,5.25905091619e+16,-6.88534192283e+15,4.39336413966e+16,-109.72264296,46.6715611146,-93.2900551151
2e+30,-2.80026567363e+17,-1.34002100796e+17,-2.03778091506e+17,-12.0308012948,7.44005200482,-8.95673992993
2e+30,1.68653018015e+16,5.62572924473e+16,-2.23544344817e+16,-366.527181905,245.49821256,-132.960277317
2e+30,3.30191214791e+16,5.7853583204e+15,-1.33152964123e+16,366.356258918,-271.203584621,-89.9586337335
2e+30,2.69434422393e+16,6.79882478618e+16,-2.77778473257e+16,139.852763513,41.1833468401,246.983807205
2e+30,3.67679475687e+16,2.047863018e+15,-8.59086774458e+15,257.139613267,566.203327717,-77.7982137676
2e+30,-1.82264107764e+16,1.2508556378e+15,-8.88888860599e+15,-133.936437137,-116.15027121,873.737057487
2e+30,-1.06649032783e+17,-5.52308613002e+16,8.07051429278e+16,50.3863725905,49.8388752587,-23.0115040494
2e+30,-8.81612847784e+16,3.14609522461e+16,-1.67143503072e+17,53.9876521745,31.9290247683,27.4092261132
2e+30,-5.14221856426e+16,-5.77540070983e+16,1.75695062432e+17,-44.4486855308,-54.9982370844,-59.9189341639
2e+30,-3.20637755902e+16,1.76240499785e+16,8.06838058917e+15,-225.387685794,411.280083875,-17.3424710907
2e+30,-6.74250321607e+16,-3.64555048621e+16,-7.87556411428e+16,-80.2100636223,-80.1297411365,-119.432646414
2e+30,1.63256073735e+16,-1.42593181358e+17,-4.52528122169e+16,24.5182922968,35.725672862,-10.4875913414
2e+30,-2.4560357262e+16,-1.37273113969e+17,-1.00194484901e+17,-2.64321083351,5.69220615267,-12.2926708097
2e+30,-3.62709184865e+16,-5.11307145962e+16,2.58527485574e+16,-104.887139247,-178.864675593,-54.5372192727
2e+30,-4.72926407038e+17,1.01845399957e+17,3.91142830684e+17,-3.17624630031,10.8068724114,-8.45654553401
2e+30,9.37066514429e+15,4.4088820873e+16,-2.35248992883e+16,-125.562924861,-93.1769565238,-16.5266051831
2e+30,9.92547318555e+16,-2.09838259262e+17,1.46478767591e+17,32.7248077155,20.0744731815,-26.803782014
2e+30,-1.98312899162e+16,1.97850823616e+16,-3.62935040411e+16,95.6751678601,377.595350672,-70.942095593
2e+30,1.63398583699e+17,-9.46990269536e+16,3.76730817044e+16,13.9175410391,52.2075662896,-48.9774013718
2e+30,1.27843716702e+17,-1.20236869319e+17,-4.05295080644e+17,-2.81804436624,17.2056431034,-6.79725487192
2e+30,4.36378414669e+16,-4.93894922623e+16,3.03495405949e+16,93.5687827393,-301.866981046,128.054022532
2e+30,1.68569150273e+17,-8.48171509313e+16,-1.60788118404e+17,38.4963894241,49.1823182289,-37.6680500247
2e+30,-1.06977680908e+16,4.75789566839e+14,-6.41708144182e+15,126.547022745,554.215946952,-467.038829142
2e+30,-2.28422701892e+16,1.1777620037e+17,-1.30331159114e+17,20.7805361304,-36.9658590202,-55.8034109289
2e+30,-2.56576908606e+15,-3.88569850853e+15,-1.58511066403e+16,-738.070262038,-67.6201918586,463.099028496
2e+30,9.74798559454e+15,7.54597112294e+15,-9.31234308349e+15,-547.667058383,-197.310566118,406.271591567
2e+30,8.11829794189e+16,-2.8177217674e+15,1.40448470586e+15,-33.2805452378,-92.7590148689,-47.6720761502
2e+30,2.84632382036e+14,6.99288589818e+16,-7.48909778771e+15,126.443787321,188.978239427,-39.8711709399
2e+30,3.25781228943e+16,-1.35115267159e+16,-4.6821706042e+16,282.576924872,5.48159084523,-183.235868374
2e+30,-4.17621152144e+16,-1.12629912085e+17,5.24869369444e+16,-103.026476596,80.2748735915,-74.0888907964
2e+30,-8.69488965728e+16,9.21263250361e+16,2.41298918316e+17,-5.05094977973,3.32797615191,-34.9533360343
2e+30,2.37386206019e+16,1.37978495261e+17,8.92482156815e+16,15.0723973646,-2.2691439189,58.2284288043
2e+30,-8.61412564258e+16,1.02615555993e+16,-4.46441156356e+16,-123.758155636,-30.2722641176,-7.46958823747
2e+30,-3.58938079421e+16,-4.02419240749e+15,3.89954121988e+16,57.3531216284,-426.65038792,-133.225334142
2e+30,5.94772819483e+16,1.02419202296e+17,1.24862557638e+17,15.4156614428,-92.6146459483,-2.86630604699
2e+30,8.61993611805e+16,-2.72554267012e+16,-1.0686046474e+17,-24.2023799766,6.48117220337,-28.9740451564
2e+30,-4.52582488521e+16,2.91387021997e+16,1.67530207052e+16,-140.764668507,294.195739349,-249.727642849
2e+30,4.28448581835e+16,2.1014522203e+16,5.01062436926e+15,-119.628956742,10.8283325667,-55.0009380165
2e+30,-3.381721106e+16,-5.49639498144e+16,5.62940980175e+15,-304.63251035,-12.0546699279,92.6203681897
2e+30,3.61811686026e+16,-1.47397301957e+16,2.72916563683e+16,-189.426816223,-216.863319507,-305.423621103
2e+30,1.02835171011e+17,-8.89825942198e+16,6.59209176567e+16,39.4782610964,36.3813864257,21.3971696161
2e+30,-6.05583129584e+16,4.00182169064e+16,-2.04039104668e+17,-8.33696588353,11.2159515422,10.0376352379
2e+30,-3.08709217732e+13,-1.04700700555e+16,6.40958479696e+15,77.2115262513,478.623574846,-185.272914296
2e+30,-1.8556928003e+15,-9.3886769691e+15,-3.4303165431e+16,-374.804195568,-14.3606890621,-100.23155819
2e+30,5.77264530017e+16,-2.94642984456e+16,4.67439227612e+16,116.91781376,114.948180956,18.559996048
2e+30,7.18775634807e+15,-3.60278746675e+16,4.17457169884e+14,-524.192635849,-129.832813002,102.666568437
2e+30,6.20461461126e+16,6.9402029726e+15,-3.66538582704e+14,122.038297633,532.674715655,119.47328372
2e+30,3.64502219602e+15,-9.02203059798e+15,-3.16644363857e+16,-39.1862861381,-72.3167437359,382.675917436
2e+30,3.6149040328e+16,9.64407600726e+16,7.32796285891e+16,0.827210664851,-57.9591530404,-117.168746271
2e+30,5.48245472933e+15,1.85443523809e+16,-2.27099008663e+16,-519.329918862,438.191125717,357.101147967
2e+30,-2.66729527761e+17,-8.34289929391e+16,1.43407840393e+17,-12.1509121653,8.69740646455,-21.3955577333
2e+30,6.54604271927e+16,-1.65624340342e+16,-4.31118899433e+15,105.153910386,265.440675346,-128.074019974
2e+30,-3.02232837593e+16,3.12088242265e+16,-3.64538536895e+16,-210.235060029,93.6135542792,-269.861326652
2e+30,-2.60722287784e+16,2.72404413344e+16,-9.10498562097e+15,195.809793648,-238.421853942,210.420020908
2e+30,-6.7752244449e+16,2.89914430784e+16,-5.0893492128e+16,132.310937309,-116.811838571,32.5834701984
2e+30,1.02696572322e+17,9.22439192396e+16,4.45133680616e+16,-55.7377003601,-38.5163796587,42.9213291681
2e+30,2.61872196179e+16,-1.01878293644e+16,1.58290993284e+16,312.856662536,132.232497004,-126.863912901
2e+30,-4.64091321308e+16,2.60458320654e+16,-1.30176744428e+16,11.8473566049,-41.1148124322,241.437438829
2e+30,4.65009351403e+17,-2.07509738213e+17,-6.2225216066e+16,-1.40385930129,13.713326463,-10.0754880023
2e+30,-4.04758453537e+16,2.1353606316e+16,1.4115796193e+15,-264.829729042,-46.543633654,58.8884372205
2e+30,-1.05187327858e+17,-5.00167811331e+16,5.89346815953e+17,5.2613153791,9.89616474489,-6.90460160993
2e+30,-1.62112348856e+16,3.89869132309e+15,-1.32816975489e+16,372.061798056,-652.904228299,-181.963730298
2e+30,5.25250409944e+16,1.73383769407e+17,1.93331898588e+17,-19.2185096716,17.3794948881,-1.23304332251
2e+30,1.4323242123e+17,1.14462019691e+17,-2.64191226456e+16,-19.5192043343,-25.2420022893,-1.79836429675
2e+30,-3.38614612177e+17,2.09118963975e+17,3.88436845644e+17,5.60295664897,13.5520804795,-6.93041028044
2e+30,-5.65822534751e+16,2.86115147086e+16,1.52699143069e+16,29.8885734858,119.242745732,82.8188564133
2e+30,3.72605496853e+16,1.09471148341e+17,-7.75603587569e+16,61.5915658373,48.9081934423,-129.780151961
2e+30,-2.4241851303e+16,3.26699910071e+16,1.86311170073e+16,-165.947606555,53.1961278001,150.120492329
2e+30,-3.17204946754e+16,2.21658838321e+16,-1.54974533341e+16,-127.913276661,615.310873109,61.9316346484
2e+30,3.73577447081e+16,-6.01105448739e+15,6.36813629871e+15,49.7032296594,-24.6607512124,-242.27296764
2e+30,-3.41420024832e+15,3.38742089366e+16,-1.79605984665e+15,325.82216988,-157.56461926,659.050106154
2e+30,-7.14498670706e+16,-2.74660267411e+16,7.21847313797e+16,45.1511439877,27.9847446344,-18.9745962704
2e+30,-1.62258670467e+16,-1.86641957851e+15,5.14203900225e+15,26.1835357998,425.90895912,454.948024021
2e+30,2.75793570183e+16,2.6458801064e+16,-5.16124158168e+16,70.2040161371,340.669255352,-369.390559232
2e+30,3.54644713751e+16,2.8960135316e+16,-3.80478440373e+16,131.704855181,-58.0429898626,-241.090155156
2e+30,-4.25562442062e+16,-8.60488247265e+16,-7.06657038149e+15,-102.610204773,-26.5253046005,33.4380362125
2e+30,4.73908965497e+16,9.98041364292e+16,1.66712937191e+16,-195.620891867,-75.965593436,-50.3191908317
2e+30,-5.03891949507e+15,-2.9382733938e+15,-2.75058789856e+16,-430.355299624,242.168329869,-248.357260398
2e+30,-1.10402529507e+16,1.42436999356e+16,-3.89929693694e+16,73.4937011893,-201.543230302,303.771003384
2e+30,-4.21326164002e+16,1.74401196434e+16,2.78627549054e+16,52.7680421,-194.551825235,-124.397410406
2e+30,2.70612690754e+16,2.53963226695e+16,-4.20982918168e+16,128.928274432,-361.510641156,-297.76567446
2e+30,4.83409866822e+16,1.27989214535e+17,8.84247216103e+16,-61.1521721695,-29.2609169698,-29.1756594121
2e+30,9.57296144639e+16,-5.02247611112e+16,-3.90862160839e+16,236.460643609,61.4266149684,18.7409178307
2e+30,-2.19138357735e+16,-1.75814795673e+16,5.43137197121e+16,-112.751190132,-119.705584167,25.32195522
2e+30,-3.60891889531e+16,-9.71745135845e+16,2.78639574235e+16,-155.818609426,78.3455399075,-60.7427909311
2e+30,-3.46215442877e+17,4.51192046486e+17,-7.18019302752e+15,3.93414062821,9.47077427762,-7.70458937228
2e+30,3.84132459256e+16,-9.31144326838e+15,1.335169158e+16,-393.770567455,-165.042798712,-308.104729291
2e+30,1.35186962212e+17,3.77599894975e+17,-1.46240334309e+17,-8.00000597895,6.51481165378,-9.42620955702
2e+30,-5.47297083546e+16,1.93548719603e+16,-1.74133889579e+16,-142.260470221,70.5853580273,-43.2010309943
2e+30,3.85815862565e+16,5.8197502851e+15,-1.57187269237e+16,330.585169471,50.6551961718,121.133953801
2e+30,-3.63863373782e+16,4.1318774411e+16,7.116033425e+15,116.05840241,24.3369535183,276.983305102
2e+30,-3.03468273447e+16,-8.17688060096e+16,1.3676259337e+16,-7.15915947573,22.8818800133,189.850190091
2e+30,7.63515208817e+16,-8.10747253416e+16,-1.49928440694e+16,60.9720968267,47.1785557467,-140.361785544
2e+30,-3.07077038607e+16,-2.25690637669e+16,2.41524787974e+16,-111.04904219,-362.995669177,-204.064819114
2e+30,4.01400525873e+16,-3.29866529458e+16,-3.16583299863e+16,116.992563477,-106.257510716,78.3202025611
2e+30,2.07339504239e+16,-2.14291811139e+16,-1.91811352328e+16,20.2135901794,-294.211884123,-30.8089694156
2e+30,1.66210718625e+17,-4.3596701772e+16,5.8166451357e+16,-42.5449747736,2.68858464328,54.9570584094
2e+30,-3.9082884292e+16,3.65436119636e+16,-4.40100499064e+16,163.367107322,302.050459074,95.2608231965
2e+30,4.8942316784e+17,5.5962374515e+17,4.54641646803e+16,1.58184773611,6.788775461,-11.7132217252
2e+30,4.2435840958e+16,-4.02894536372e+16,-3.93885911761e+15,265.034047454,-46.0208294487,264.538107241
2e+30,-6.76147933446e+16,1.13626249624e+16,-6.50048897592e+16,-107.741438217,-102.74946294,-105.994946942
2e+30,2.32330103036e+16,-2.11631054313e+16,-1.18624968897e+16,-39.6363710913,-87.1275228265,375.913357099
2e+30,1.89015296414e+17,1.24014697721e+16,4.23047761703e+16,-70.5297133823,14.6660975959,21.976393785
2e+30,-1.49533580998e+17,-2.60748067331e+17,-1.04809340736e+17,26.870337843,10.5237730273,-12.8588737001
2e+30,-4.17166176578e+16,-8.06236867318e+16,-4.46660641912e+16,66.1106709235,39.0777095693,22.2312293795
2e+30,-6.50683632606e+16,4.59474334303e+16,-5.56446185715e+16,-80.0433492692,-91.1189001234,-35.5243183095
2e+30,3.29257881657e+16,2.318554816e+16,-3.95759740645e+16,-21.4866334065,-242.203696488,-126.601461833
2e+30,2.92551531042e+15,-1.72079021654e+16,6.14301177055e+16,171.975751459,182.95612441,42.4441376284
2e+30,-3.1756129755e+16,-7.18990406595e+15,3.17551894954e+16,-20.7679829799,-408.459415931,-20.4446164195
2e+30,3.94445046382e+16,8.55560983993e+15,-3.00388548764e+16,376.673769648,252.491945143,-169.130266074
2e+30,-4.66286040826e+16,-2.03514839988e+16,-2.39021105018e+16,361.019669086,70.4585103329,28.4612756107
2e+30,1.29651825401e+16,8.42375390975e+16,-5.54585964031e+16,-198.162191404,13.2174721115,118.069297186
2e+30,2.47088615663e+17,1.66996870877e+16,-1.48497410856e+17,15.8215905487,-5.12518032236,-12.7043113195
2e+30,3.38639869257e+16,-4.13095678479e+16,-4.92039803546e+16,52.1577394797,131.454457868,42.9356844445
2e+30,2.43598835177e+17,-1.09270745077e+17,-1.48251134196e+16,21.0870043036,2.34193173355,-10.9341020507
2e+30,-2.29600861557e+16,-3.63113303257e+16,5.91767338839e+15,21.8672499128,388.084374582,-211.216007758
2e+30,6.83162336775e+16,1.53049560644e+17,-1.80088519539e+17,-9.04570507087,-41.1889219505,1.57452944227
2e+30,-2.58364131473e+16,4.57444165026e+16,4.90983389047e+16,-185.214079462,-37.6278758789,-52.8501166316
2e+30,7.0747609596e+16,4.45851829924e+16,5.4816188945e+16,-152.501800546,-3.42823854154,6.55095972931
2e+30,1.36581171126e+16,3.19174706201e+16,-6.18372876077e+16,-298.203644571,-26.1030733185,-156.84606357
2e+30,-7.60089137715e+16,-3.33142587054e+16,3.76503810155e+16,24.9946847144,-25.9730683052,-89.7986847235
2e+30,1.17399874246e+17,1.60865138281e+16,-1.03786630341e+17,-23.6119277008,22.5657719959,29.7209621127
2e+30,5.41858962143e+16,-4.39898149187e+16,-7.01017270186e+15,215.712953435,-165.774031698,-78.8420891837
2e+30,-4.26822362429e+16,-2.68420843545e+17,-2.07510350419e+16,-13.0783677578,16.096129001,-51.3369235152
2e+30,-1.52357324477e+16,4.03479697364e+16,-3.65562853888e+16,-73.1881098323,-107.516375892,-136.864985036
2e+30,6.10313938845e+16,-4.72946361282e+16,-1.31476914141e+17,-14.1253558425,-71.7317378867,-3.94913946712
2e+30,3.81871538256e+15,2.10018497902e+16,-9.03978385637e+14,-354.971312206,114.880368586,256.098519952
2e+30,3.04886492533e+16,7.19944822094e+16,-6.77291239686e+16,73.318349242,-141.172840165,-46.5115666045
2e+30,1.65273856933e+16,1.28161938583e+17,-2.40633573692e+16,-32.5539229781,-10.7002745806,8.88534820815
2e+30,-3.10983700827e+16,4.830516246e+16,1.09274765303e+16,293.562377997,101.980777051,157.525970868
2e+30,-2.92597259777e+16,1.06308861188e+17,2.32061781456e+16,99.0541132825,-56.9202397294,114.49488242
2e+30,1.06135646911e+17,-1.61158597391e+17,-1.17461259464e+17,40.7355925723,7.37778085612,-36.7803909555
2e+30,4.14248172539e+16,-5.29278339528e+16,8.23687117357e+15,134.299149037,-355.995181704,-71.4548060555
2e+30,-4.80740036703e+15,-2.52733819201e+16,-2.81379992236e+16,-189.544823149,-241.226520302,43.4984092334
2e+30,-1.87325741683e+16,5.50445707538e+16,4.60012575012e+16,-156.359808864,25.8727281132,-77.7903756173
2e+30,2.23953783136e+15,3.78730110317e+16,-3.47762144121e+15,0.456519007093,432.053049397,295.077926911
2e+30,6.3080458285e+16,-1.63553144653e+16,3.23443386213e+16,218.450642861,-11.9665701971,-194.621681297
2e+30,1.3037148247e+17,4.43952823833e+16,4.21659290573e+16,-58.4788386453,-0.284029201255,-31.847402658
2e+30,8.01186859067e+16,1.07943047566e+17,-1.78310820457e+17,-13.7090920465,-36.2422444953,22.1051686688
2e+30,1.84813385361e+16,5.20007562993e+16,-4.31462944634e+16,-53.3626588992,-126.417365174,201.890249864
2e+30,1.25051304065e+17,-3.42593468059e+16,-2.42523101191e+17,-0.0180451437077,-5.15066476576,-17.5538548657
2e+30,-3.17892112167e+16,4.81828368084e+15,1.7711242521e+16,-81.9239130466,-551.543812096,240.316785665
2e+30,-1.61444948583e+16,6.60622413491e+15,5.41957868244e+16,302.591963682,-167.484343934,146.808026877
2e+30,3.12168130758e+16,2.24982378849e+16,-3.13328735508e+16,366.034394083,-294.200068508,-30.399536832
2e+30,-4.02036563254e+16,3.35340550888e+16,2.7389744265e+16,-13.9522132823,-82.9650110006,210.150697513
2e+30,-3.162398474e+16,-2.40276546366e+16,1.45977054748e+16,21.2494881348,308.307884906,96.3102145732
2e+30,3.73419007527e+15,-2.5838251844e+16,-1.76470885662e+16,131.909821558,356.498330126,362.108470226
2e+30,6.95382294465e+16,-2.56814687646e+17,-8.11289428144e+15,-27.0025826666,7.65676288057,-1.5634386939
2e+30,-1.57529112178e+16,-4.26004272702e+17,-2.45326051302e+16,0.0598496710499,-1.82774624232,4.21971994172
2e+30,-1.124066584e+16,3.36608384294e+16,4.45560754706e+16,-76.4350269339,82.55524242,261.621867321
2e+30,-1.70447129943e+17,8.44303528832e+16,4.13834413283e+16,-20.3128980072,-5.06003704256,-43.9534084448
2e+30,-3.72103533164e+16,-5.41032974731e+16,-8.17489332652e+16,-64.3893639079,83.3865769168,62.1403652906
2e+30,1.12699569614e+17,6.6696304432e+16,7.63073979212e+16,3.05204189295,24.3262422439,15.9705483405
2e+30,3.30683496985e+17,2.22436037993e+17,4.85849319294e+17,0.0546464160099,12.0293997851,-11.5482761919
2e+30,-7.4038801891e+15,3.09656714816e+16,1.70236576056e+16,660.130767692,-26.2544003956,-31.1950997703
2e+30,8.97871575078e+15,8.32701627704e+15,2.31751923503e+16,150.902724796,256.083017645,-253.870671362
2e+30,2.06896768317e+17,-3.27646258729e+16,5.16756010719e+16,11.8662278366,2.01792086926,-36.7233020446
2e+30,3.09766472539e+16,2.13961950817e+16,-1.35008653754e+16,102.329180849,172.076040807,-161.569845425
2e+30,2.3935977922e+16,-5.93563325324e+15,-1.64916714966e+17,-30.4299805927,26.6916903013,-90.4276225048
2e+30,1.26006909792e+16,3.24204340519e+16,2.03626292606e+16,88.5376240502,-11.2054416915,100.260751827
2e+30,-1.72802786497e+17,1.12683502644e+17,6.63311062324e+16,37.5797560173,4.29204618662,0.150174056727
2e+30,6.8897358543e+15,2.32698942675e+17,8.79873437101e+15,-30.3196355002,-2.00817638576,-34.8275573171
2e+30,2.10978570534e+16,-9.0519885518e+15,1.26308355512e+16,147.01404021,96.0816925887,-418.64491463
2e+30,1.85852274895e+16,-4.10283463938e+16,-2.25436510062e+16,399.539719576,-250.14996619,-56.1767870639
2e+30,-2.53318177715e+16,-3.54704477871e+16,-2.31786727706e+16,119.814771172,-605.574791833,71.8980347249
2e+30,-2.70189204579e+17,1.05649281844e+17,2.54095484269e+17,2.92191270101,15.293347201,-24.4074655654
2e+30,9.60732761002e+16,6.67107227328e+16,4.00381578033e+16,-58.9816059942,-99.5804225158,-86.6382116012
2e+30,-6.06239720075e+15,5.89545604338e+15,3.22602431372e+16,-187.426154558,348.964067536,-83.7120916027
2e+30,-2.96500911769e+17,5.33981358033e+16,1.96095293804e+17,15.0893567827,11.7823111258,-15.775059507
2e+30,-3.23580332543e+15,-6.10514819675e+15,1.37427341925e+16,44.7214504323,-142.27559741,-302.218567772
2e+30,1.81773569011e+17,-3.39173438605e+17,7.72215406902e+16,14.4982967244,9.14000661367,-23.0815814781
2e+30,1.07357548553e+16,7.38732761433e+16,-1.41792534911e+16,43.6988109439,115.420391501,-90.9233143069
2e+30,2.54027341096e+16,3.22037967593e+16,9.95894392838e+16,-61.0695393905,7.52034316747,151.905666057
2e+30,-8.21052568968e+16,-6.16480798553e+16,-7.65587648982e+16,43.8319357053,31.0369205824,-90.6515531176
2e+30,-6.56166159457e+16,2.30111969828e+16,-9.17413490151e+16,63.442667648,-96.0811847131,-45.3661684043
2e+30,2.80604489454e+16,2.23593258969e+16,-3.81091068315e+16,-72.9054399924,-17.0849413644,-675.947962454
2e+30,-9.47708125939e+15,-4.46573477259e+16,1.69424855279e+16,227.250890386,-6.65098077164,-262.850381694
2e+30,-2.59228629089e+16,-8.54514000605e+16,1.91689644928e+16,160.261480306,-55.5085028239,-146.366800742
2e+30,-2.14925895141e+16,1.72392259062e+16,-1.86428029007e+15,-41.3225442545,444.619855221,84.0173119444
2e+30,5.71109950954e+16,8.12189800057e+16,-2.50155720629e+16,-13.0239727283,-156.43481185,-109.055690544
2e+30,1.86042273058e+16,3.10794376166e+16,9.68360190204e+16,21.186173197,-148.191324043,-26.5118353484
2e+30,1.48612658736e+16,-8.82278448717e+15,-1.1298217511e+17,-21.2564492445,19.9193319329,40.6271411873
2e+30,1.18289940866e+16,-5.85659011521e+16,-5.34951958288e+16,255.600540621,-32.2403205117,-134.489287513
2e+30,-2.66811377491e+16,-2.5433301467e+16,4.60084009824e+16,-67.5574430264,-195.345553546,327.134486992
2e+30,-1.15592245692e+16,-1.61798680127e+16,2.72967591388e+16,270.071448141,-107.602899291,169.053001902
2e+30,1.70195794449e+17,-1.9106176864e+16,1.87932844528e+17,-11.6591121403,7.81501912326,-36.8887839019
2e+30,-3.02809225405e+16,1.40567126391e+16,9.00558449388e+16,73.301457557,-240.201286181,170.032146858
2e+30,3.95099650168e+16,-1.7992349735e+16,4.03700861768e+16,98.4177236798,-206.902883465,-229.637610624
2e+30,5.82014945055e+16,1.20429613814e+16,8.59616487456e+16,135.638885289,-21.0921159745,-21.7688285476
2e+30,6.1169944301e+15,9.10250420161e+15,1.16598132592e+15,-271.364648767,157.42339505,-506.545838327
2e+30,1.03849309149e+17,1.05521313031e+17,2.43079511316e+16,-6.23482493399,42.5497020428,-26.2036478133
2e+30,-6.07811755356e+16,6.78674707335e+16,1.79493149701e+16,-9.54665845994,-32.6467005617,-78.5603267954
2e+30,-7.38437991317e+16,3.24848642015e+16,-3.83143988216e+16,-42.0715610727,-105.861265862,-1.62009016279
1e+30,6.48846778794e+16,-5.60746911767e+16,1.02555907098e+17,77.7320769346,-108.629853738,-42.2016293028
1e+30,-3.63481305051e+15,-4.33024135047e+15,5.12921060331e+16,-120.940669771,-225.171049024,-151.313017745
1e+30,-1.87914328286e+17,5.92068999486e+17,-9.52593466728e+16,-0.692902171173,10.1144346166,1.46130356319
1e+30,-1.70843447164e+17,1.24386305936e+17,-8.71507916651e+16,-30.2847236451,-7.75573633609,-20.5260095425
1e+30,4.96546351748e+16,-1.14433697316e+16,-1.8204350172e+16,125.567678921,0.462142041082,262.580042254
1e+30,2.13773614687e+16,2.51062497614e+15,6.15176008264e+16,5.26179009193,-7.13987288296,128.866270043
1e+30,5.35504615171e+16,8.51883110146e+15,1.46372924889e+16,-23.2973642741,87.5711509255,29.0018948938
1e+30,1.66836568829e+16,-2.38307585221e+16,1.90475376497e+16,-94.1613308814,278.247026084,-235.310458713
1e+30,2.25487189237e+16,-7.41562218444e+16,8.60080631719e+16,-89.9014247244,13.6112004057,33.0151917533
1e+30,9.75357200002e+15,-3.18076581069e+16,1.45431674112e+17,-83.553354657,75.8750545692,-2.87150192018
1e+30,-1.00901356368e+17,-3.93663208076e+16,-2.14304014456e+16,25.9540133685,-62.1287883582,83.5409511919
1e+30,5.18067563986e+16,-1.59802838307e+16,1.00126455771e+17,162.713224983,29.5533522562,-42.4189169873
1e+30,-1.42869804737e+17,-1.91686845252e+17,8.82875303918e+15,-30.9778013948,2.79664068284,-17.8469100952
1e+30,-1.52147703527e+16,8.49896058814e+15,-1.79625154849e+16,429.284662265,-217.440765116,161.710719279
1e+30,-1.10692787546e+16,2.51736394586e+15,5.16053606751e+15,-300.962956399,-665.119727939,342.495260902
1e+30,-4.04644474343e+16,-5.98672692909e+14,-9.53003509597e+15,-249.988345915,-280.88545268,261.865785746
1e+30,-2.01173875205e+16,2.34488637457e+16,-6.4835939137e+16,-214.004046274,-175.328571872,149.39925593
1e+30,-4.92575552294e+16,-1.16279343437e+16,5.49673905674e+15,-334.787007894,-123.780734992,89.0751091463
1e+30,1.22766992555e+16,-6.53245689684e+16,3.91242035815e+16,63.2289950068,98.4174100084,37.9022441029
1e+30,-8.11393130552e+16,5.12403598361e+16,-4.65174931717e+16,134.728278583,-82.1465847653,45.5713261431
1e+30,4.53638159931e+16,-2.81385001245e+16,-1.23220851822e+16,-22.0615057822,-118.298287138,66.2072129642
1e+30,-7.29954663235e+16,-3.86468158885e+16,-1.15757265003e+17,23.54958673,-7.97334085181,-97.5896509526
1e+30,-2.61669052352e+16,3.01025056924e+16,-3.37442119331e+16,180.135328245,63.7186773214,-34.4153709163
1e+30,-1.99129578748e+16,-1.8166210505e+16,1.34666962635e+17,-94.4820518057,73.5899616543,-60.2224616741
1e+30,-8.9130166118e+16,9.13164666134e+15,-3.87563464949e+16,47.2365530634,7.93878284764,-36.8722824536
1e+30,9.15724400052e+16,-2.47409503321e+17,-9.81576437329e+16,4.12436204729,-10.683810531,-9.22503696777
1e+30,1.10601110901e+15,1.10827101334e+16,-1.29612982877e+16,300.517603203,413.04579689,-183.041216561
1e+30,-8.58677449621e+16,-9.92412357048e+16,1.91285824166e+16,-37.3628595391,-52.2856270855,16.4664118051
1e+30,1.72061503991e+17,-5.68187557288e+15,2.65637086782e+17,-16.7807143755,-2.72245086924,11.2425988428
1e+30,7.3089909294e+16,5.72842190105e+16,-2.03669446106e+16,-146.498892672,91.642303023,-99.0412964206
1e+30,2.69387748012e+16,2.02438266593e+15,-2.36180438323e+16,471.472935315,544.590626703,416.480492723
1e+30,1.54296634953e+17,-2.00549946529e+16,-2.4052486384e+16,60.8362531125,101.458630422,20.8474062869
1e+30,-2.72498799865e+16,-5.02237159735e+16,1.59560424848e+16,137.62227626,-59.2462792747,35.5406403409
1e+30,-1.42119680892e+16,5.88299157759e+16,4.61354247428e+16,98.0179547792,211.632073617,-69.713449359
1e+30,6.05634066544e+16,-2.50638018898e+16,-4.99156289289e+16,104.129042073,-57.3154377388,-283.504035574
1e+30,-1.08154369392e+17,3.61988960133e+15,-3.3541481662e+16,-34.8610300714,29.2678240438,-6.11168452228
1e+30,-7.36298717055e+15,-7.97818179839e+15,-1.38672112441e+17,-68.6718475084,-61.0555030981,-24.6725556882
1e+30,1.17205344656e+17,3.1123911262e+16,5.23556435072e+16,-30.7646630252,-50.3098634234,-174.343614193
1e+30,5.01061665293e+16,2.93857800491e+16,-4.34681899461e+16,-102.228308293,104.35013203,319.104995307
1e+30,-6.46049719881e+15,7.13335916986e+15,4.89395154145e+16,-285.521383088,178.218804008,-271.304475222
1e+30,1.09598336655e+16,1.58979364671e+17,1.99596857575e+17,-41.6012427298,-14.0251610638,34.0583888444
1e+30,-1.24568896499e+16,-4.82829713459e+15,-2.31545099046e+16,-98.9687972259,115.884416385,344.751023515
1e+30,4.22407539596e+15,4.6532593914e+16,-3.62051759571e+16,-4.68441433374,417.053365132,261.146563416
1e+30,-4.4269589633e+16,-1.1513544943e+16,-1.52480280611e+17,-15.2358455843,-5.83750060827,-36.7399881903
1e+30,2.88544186982e+13,5.0533931424e+16,-3.05582553467e+16,-289.299123534,-92.9559181506,45.0000395088
1e+30,-1.04473346025e+16,2.68736609892e+16,-2.37686463241e+16,-166.251625098,-82.6282174832,-128.406803561
1e+30,-1.90851535937e+17,6.31262627705e+16,1.1428400294e+17,5.59458594651,11.2681764834,-30.172391858
1e+30,4.96055678947e+16,6.64410438961e+16,-2.81906600444e+16,174.641764112,-180.870200614,32.0717458188
1e+30,-2.04458233918e+17,7.40609633479e+16,-1.3304542305e+16,26.51785697,25.0024436611,-12.077061068
1e+30,7.34386123041e+15,3.48193125652e+15,-1.27134964463e+16,210.495173339,147.9704322,-38.3487111979
1e+30,3.16633549516e+15,1.29190341451e+16,-3.35666157656e+16,354.366509842,150.942082254,-184.655875786
1e+30,-7.05920997718e+14,-1.20863640896e+17,-4.86122628129e+16,-109.565754639,-51.8871478439,-74.6157375133
1e+30,5.53023749789e+13,-1.25464659074e+16,3.16541898248e+15,-74.8152873747,-416.262846185,422.030306758
1e+30,3.43815425727e+15,1.74363559582e+16,-1.92356586473e+16,-270.492546437,438.256693346,177.067072343
1e+30,-2.87997342393e+16,-3.30909496595e+16,8.75012908642e+15,-324.092134571,-447.226045116,-125.669431997
1e+30,2.97072173493e+16,-1.4236062315e+16,-2.7594887294e+16,-194.770658105,-116.11435737,-390.221804041
1e+30,3.10754429393e+17,3.14398563998e+16,4.89130397713e+16,7.91977099385,22.9629695059,-18.5203730847
1e+30,4.02663070812e+16,5.83784182438e+16,5.37736074252e+16,-25.0799328922,33.1876089831,269.192759357
1e+30,2.35413773589e+15,-1.98173236594e+16,-3.91057504885e+16,309.791596144,-386.408397766,63.7234370352
1e+30,1.47741064569e+16,-5.95975837722e+16,7.42122690316e+15,-270.262704373,-68.1877448918,203.094133441
1e+30,-7.13664636588e+16,1.03460237166e+17,-1.68485820347e+16,-69.6103625749,-67.9370082749,-4.24584224118
1e+30,1.42445588286e+16,-1.18230262926e+16,-5.13597764372e+16,294.450683878,-90.0541327114,12.4288952911
1e+30,-5.80776284339e+16,-5.24232415269e+16,-7.50904465303e+16,-162.65950675,192.581113455,22.682569168
1e+30,1.14033043201e+16,-2.26846826492e+16,-9.28024309857e+16,-55.708904319,171.960057185,231.391513349
1e+30,-1.03338369828e+17,1.83649580447e+17,2.59775279262e+17,-12.474447771,22.4682797935,-7.7431885845
1e+30,1.61816354087e+15,-1.24903139544e+16,-4.71033912443e+16,-149.913300954,25.5710856862,-31.9071939731
1e+30,-5.3719380715e+16,1.42569941429e+16,1.00751485154e+17,9.98508905157,-83.7173301839,24.227977968
1e+30,1.80883542862e+16,1.5848931217e+16,-9.42242776357e+16,13.7502811927,210.389973045,-186.480561666
1e+30,1.0421196836e+16,-7.44277504783e+15,1.01930616816e+16,316.873638596,368.55997667,25.5704686158
1e+30,1.17683433809e+17,-1.40296599661e+17,-7.50286299693e+15,-12.1004857418,54.1667747132,-32.9025998248
1e+30,6.02003666165e+16,2.746901867e+16,-1.69766656466e+16,137.14073069,97.2858174609,-38.0943008855
1e+30,2.20137287061e+16,4.414603377e+16,3.97148288435e+16,160.329452398,-143.268042615,226.763416759
1e+30,-1.42468876693e+16,-5.5338105554e+15,-2.95754194028e+15,628.371827519,96.3415757138,20.6867397384
1e+30,1.78954719283e+16,5.61239012689e+16,-1.65628012076e+16,-260.255602348,172.715624812,117.448418109
1e+30,-5.86634805164e+16,-6.87001891388e+16,-8.55214195597e+16,26.5051542057,119.260179692,43.1201750944
1e+30,2.52565212764e+15,-4.94101928657e+15,-3.560030219e+16,-97.091812472,-288.091949159,169.930992556
1e+30,-1.00115220191e+17,-3.95253792459e+16,-1.1003784737e+17,-89.3121247193,49.3281155668,-8.88524569168
1e+30,-1.62871005621e+16,-3.79567122387e+16,-2.48603739171e+16,50.2181731501,-361.167337711,-274.411153317
1e+30,3.80049119428e+16,2.32699663811e+16,1.19178514091e+17,101.180915353,27.9023511244,-20.378584298
1e+30,4.65279404976e+14,-2.35700885774e+16,9.50881380565e+16,-37.9481152337,-25.6387974596,39.2430247138
1e+30,3.21027476408e+16,5.29871772383e+16,-3.1924226861e+16,-290.262982684,-65.6786697139,-19.8270355114
1e+30,-3.22133548238e+17,1.6493006282e+16,1.12212478048e+17,-8.06762801537,13.2297458491,-5.94448128763
1e+30,1.04195047845e+17,6.31155072114e+16,-3.21636339381e+16,15.6569175937,-10.7934922117,25.880723802
1e+30,7.16060895206e+16,-8.7244434757e+15,3.39711666182e+16,-175.779008704,-281.6620096,-131.297981022
1e+30,2.70498525677e+16,4.01400014689e+16,1.28294909077e+16,332.889367349,109.150030046,39.5042804445
1e+30,-3.62134424996e+16,1.75607323177e+16,-1.361969044e+16,66.8975882014,-81.9410863094,-244.249653492
1e+30,-1.71204527165e+17,-8.00657991733e+16,8.44786567125e+16,10.4743977326,23.3077010499,48.0566096591
1e+30,1.35564153163e+16,4.17192079043e+16,3.64292775637e+16,171.775190259,-43.7724701194,90.667780687
1e+30,3.96554830226e+16,8.90569256168e+16,1.5157710374e+17,54.0136898188,-22.9958510025,9.3792511981
1e+30,-8.1053346193e+16,4.70070294318e+16,1.91230916624e+16,90.8885967434,14.0967066,-163.684142334
1e+30,8.82581217272e+15,-2.23757697269e+16,-7.92700347268e+15,136.482837198,9.98791032626,3.74001191942
1e+30,-6.84190299595e+16,2.45681013567e+15,-8.65059995012e+16,50.7318080892,136.655382226,-41.3937575719
1e+30,5.66784345792e+15,-8.24974546569e+15,-2.8753791187e+16,-345.113754787,119.98703178,363.270954335
1e+30,2.81917346649e+16,1.62728134359e+16,4.11948496215e+16,203.687747807,260.049461281,-305.72416518
1e+30,8.19486946281e+16,7.93448436033e+16,3.13855424012e+16,94.7544061139,-129.381235547,-20.9117164381
1e+30,-6.1005843477e+16,2.22599219225e+16,1.23250608569e+16,-139.242451638,-341.125828488,-56.5847435815
1e+30,-2.37122684961e+16,2.64600824983e+16,1.55948168927e+16,-320.951133938,-401.038381847,130.984686054
1e+30,1.50628845366e+16,1.66894045247e+16,1.3627871595e+16,-55.0814025277,71.9438374681,150.576301978
1e+30,9.13911513354e+16,3.49913322294e+16,9.6668183092e+15,-85.3048554009,-174.948880965,93.3360054261
1e+30,2.71252244963e+17,-5.6918373948e+16,1.09505744386e+17,-14.8210834105,15.2744798689,-17.9540705219
1e+30,7.80057479255e+16,7.55969309714e+15,4.05494205226e+15,70.303572632,146.612705839,56.5551687241
1e+30,-2.9297505129e+16,1.35524989855e+17,-5.50344678842e+16,30.7972726587,60.5399062812,-32.2759224557
1e+30,1.61312567364e+17,3.16082439126e+17,1.02008248166e+17,-13.2812834853,-4.72048583473,-14.6665065127
1e+30,-3.32357273376e+16,-2.41921253736e+16,-3.86632648527e+16,-149.106151931,207.179126791,391.792576983
1e+30,-2.99184055173e+16,1.87670267048e+16,8.4575606625e+16,-56.553267642,10.7307533018,112.798036405
1e+30,3.61119322792e+16,-2.33794048785e+16,1.51952561182e+16,-235.424498799,-404.835938273,111.784002601
1e+30,-5.54824866959e+16,1.08105346443e+16,-2.17325550044e+17,-29.7657614962,28.5887995143,15.5987526828
1e+30,-3.07064758464e+17,-2.0163260923e+16,-1.74463929474e+17,-14.5294712816,5.09733317222,-4.91584030827
1e+30,4.51154579603e+16,-4.56320739511e+16,-1.33193429999e+16,187.736460543,442.439413941,-37.8065452774
1e+30,2.39170843407e+16,-4.79090209443e+16,-1.30085177319e+16,51.4447148661,110.029206454,127.644431593
1e+30,-7.65326226418e+16,-4.13497911021e+16,1.07887987232e+16,153.49985919,20.5479806638,126.266002472
1e+30,-1.36795138417e+17,2.05978639379e+16,4.23029226934e+16,-32.7220510306,156.061112867,-87.8173964136
1e+30,6.37557434761e+16,1.09638249917e+17,1.06910363232e+17,-51.8992861747,-7.72379724353,42.7329529184
1e+30,-5.8658314028e+15,-3.30908467962e+16,2.26011071782e+16,-349.42487373,139.029830763,-199.300548262
1e+30,1.5451037442e+16,5.80303666494e+15,-5.5638680545e+16,-486.287935052,-120.716084517,-25.4633796858
1e+30,-2.32670227179e+16,-2.11766585256e+16,2.15946425459e+16,40.0420623632,-141.051552731,157.309272414
1e+30,2.189689534e+16,2.43368146734e+16,-5.13449419507e+16,359.386760671,29.3995617647,92.0754367816
1e+30,-1.85893233841e+16,-7.49631492871e+16,1.20997884067e+17,-0.800533700963,25.2993133856,-28.0512142112
1e+30,3.76082004678e+15,-4.35859197566e+16,2.49530812381e+16,-262.195350979,379.286820754,-44.3809034882
1e+30,1.00613785532e+16,-1.2866244471e+16,-2.13982501923e+17,-7.44507523283,47.1999698718,-59.2239285365
1e+30,5.79576444195e+16,-1.0256774298e+16,1.20019616392e+16,-387.1948051,23.4438788821,-93.8127930307
1e+30,-2.03105123002e+17,-3.89402699018e+16,-8.27043502615e+16,-6.53188622704,62.5526386753,41.6991130328
1e+30,3.76166910602e+16,-6.00867434236e+15,6.0380598372e+15,-208.970570482,-113.684604978,102.753970782
1e+30,-1.50647508507e+17,-1.27949341258e+17,-6.92443269704e+15,-16.1596234219,-22.5920327533,-18.021526532
1e+30,4.22921566077e+15,4.67793640776e+16,-6.79780035286e+16,-180.331010094,-3.65966042768,-112.037835523
1e+30,-9.96519941479e+14,-1.23028506741e+16,-4.03351200933e+16,-249.620213019,-159.591463383,440.083465248
1e+30,-1.43959565014e+17,1.66649769386e+17,1.35349526476e+16,-23.6791091164,-12.0954001303,12.8115974002
1e+30,-3.08992540589e+16,1.78303712683e+16,-2.46864967883e+16,-119.727260229,385.62333685,-175.902031495
1e+30,-7.32535064874e+15,1.03827875949e+16,2.4979058458e+16,-237.796963132,-358.484737275,-68.2848670671
1e+30,-6.09364413018e+16,-5.19694169894e+15,-3.58895383571e+15,-78.8124900282,47.7795072932,-339.75240996
1e+30,-3.19921172297e+16,-5.96693701126e+17,4.42084055532e+16,-2.36175430359,12.7220939233,-6.49385983619
1e+30,3.98979930046e+16,-1.77242201089e+16,7.5294391797e+15,-309.446566893,-172.770990595,-32.4181783453
1e+30,4.04997029548e+16,-3.17384587617e+16,-6.81378197644e+14,231.922459677,99.1755537165,-361.791940976
1e+30,1.58155762159e+16,1.63217833761e+16,-5.56110960915e+15,339.598011428,-308.695668152,111.754695973
1e+30,-4.62878115625e+16,5.25862290819e+16,-3.91363316291e+16,-85.1846413602,116.803966093,-83.3304472704
1e+30,-2.67081449719e+16,-1.92325653647e+16,8.07905767217e+16,153.703815145,192.618483073,55.3057343148
1e+30,2.15033778518e+17,-1.43590537278e+16,-4.6826098409e+16,2.57788109789,-10.0762802784,-10.8327893652
1e+30,-8.70812085286e+15,-1.97067648665e+16,-8.61748272289e+14,228.161667022,-18.2496501183,0.955284663601
1e+30,-1.80551860164e+17,6.62514362439e+16,5.48420861981e+15,5.93873512082,51.586179539,-89.8961026299
1e+30,6.98159386167e+16,-3.19274610413e+16,-3.41568852004e+16,55.1428386456,-8.46302633381,-106.568066992
1e+30,4.52695953547e+16,3.30468666055e+16,6.14895023438e+16,2.75692564866,-86.850121644,-5.03717368149
1e+30,6.54322172697e+16,-4.65301971582e+16,-3.89452199705e+16,156.502602971,-26.3566292671,179.961338626
1e+30,-9.02170447028e+16,-2.96745020263e+16,5.08610165489e+16,-80.6283765576,97.0678870235,-97.1222832938
1e+30,9.15917847504e+14,-4.98049862603e+15,-6.30733809799e+16,-360.925308327,0.915361878438,-87.6351207593
1e+30,-2.56941067059e+16,-2.58667368486e+16,4.80446958817e+16,42.5829367277,41.461304292,46.7901235921
1e+30,-1.76255030378e+16,7.17852632054e+16,-2.61041256677e+16,187.90505881,100.837526824,-7.1324835747
1e+30,-3.53519875001e+16,9.70038941496e+14,8.55463120626e+16,-73.8516894861,-68.8627591279,101.790368539
1e+30,3.61211500024e+16,-4.12645944214e+15,-9.65888598343e+15,445.292313732,-144.540828319,-180.376185497
1e+30,-3.50990392683e+17,2.80782233326e+17,5.17980775439e+16,-2.70572095683,15.4745497149,-14.6039877738
1e+30,6.70580949782e+16,7.45677341865e+15,-8.37555985451e+16,126.540909605,143.216016968,202.74312685
1e+30,-1.25685115843e+16,-6.1476054932e+15,-4.98973384359e+16,13.7837676519,-465.525602457,3.02797784325
1e+30,1.14069499404e+16,6.59639775541e+15,-3.37999554261e+15,-80.6319183607,-678.0504093,383.195236456
1e+30,-1.56744440502e+16,2.69768665156e+16,-5.32382296246e+15,371.82640099,526.894341089,-45.3338411842
1e+30,-4.09444357532e+16,8.91830492026e+15,-3.68008174616e+15,218.42235576,-101.053308403,-318.890914432
1e+30,-1.06085260928e+16,-3.70193223151e+16,-3.84887649356e+15,-19.7217226777,-157.680172804,637.487335238
1e+30,-3.31845641835e+16,-6.37058167009e+16,3.80029758196e+16,-89.8137271156,6.99028145316,-96.1458670888
1e+30,-1.92892801449e+16,7.18810204601e+16,-1.10552709684e+17,133.538200262,64.1867142091,-26.4459376979
1e+30,-2.52507660383e+16,-4.13828274533e+16,-3.16850861085e+16,-190.770481537,-111.421498937,-12.5698536962
1e+30,4.25335612334e+16,6.32049193423e+16,-6.46629879319e+16,-67.5037145241,132.700273187,60.0491107331
1e+30,-2.93810549524e+17,4.13531400303e+15,-2.08448581619e+16,28.8466645599,-4.27909463131,-8.94252973832
1e+30,-1.09294150655e+16,-2.60590393011e+16,4.11630592305e+16,62.0089268315,182.738333319,466.499522444
1e+30,1.65077562946e+16,-1.88059109317e+16,7.2593897497e+15,-56.030408611,-208.340810546,304.431374364
1e+30,-2.90239251884e+15,-3.9300647613e+16,-4.95319170253e+16,167.268575707,-223.563586224,-189.265651752
1e+30,8.60920542122e+16,-5.68413044467e+15,3.4578722435e+16,33.1839895972,151.062777181,-93.1447861833
1e+30,-1.27847554989e+17,2.05776220424e+17,-6.63379693605e+16,-6.29563925363,23.6270483589,14.2633304062
1e+30,1.1437382633e+16,1.08045285022e+16,-7.0259020625e+15,377.876532325,405.438635133,177.62792068
1e+30,4.19355975599e+16,1.52618923753e+16,-1.07510304184e+16,372.09324092,452.911017018,-221.632974548
1e+30,-1.13986307693e+16,1.2962437862e+16,-4.73013387546e+16,-101.296323205,-128.352258025,18.2918446235
1e+30,2.80406742733e+16,3.23395007546e+16,7.98448245623e+16,-209.317740499,-77.2038351682,-64.9576786137
1e+30,-2.46701534886e+15,-1.18546957045e+16,-3.5067218598e+16,-259.346712835,179.456611734,-199.643484713
1e+30,-2.70621376614e+16,6.38812261854e+16,-5.01512941698e+16,-292.928565939,87.4920155383,134.269606759
1e+30,2.26087876293e+16,-3.58154634554e+16,5.85175612665e+16,329.728495812,-67.8150141984,-97.2670925437
1e+30,-7.80064156292e+15,7.53171976699e+16,4.15803896314e+15,-223.874962861,1.09914260758,197.272523457
1e+30,9.60287624864e+16,5.45255498688e+16,-6.40694746445e+16,73.0381069768,-181.037383406,94.8488961434
1e+30,-8.2125888848e+16,4.19224397099e+16,9.29510747454e+16,44.9951030549,-1.71600340759,4.61928974912
1e+30,9.5663839276e+16,9.75952170186e+16,7.76657468045e+16,45.7835636015,-6.29206592266,-52.1654924355
1e+30,-8.48867581319e+15,1.28486500974e+16,6.71926353009e+16,228.589088404,-101.388403597,6.78788320435
1e+30,6.88489426883e+16,1.78553019641e+15,4.56601802811e+16,8.45640439439,-166.578158347,191.147470032
1e+30,4.8099054351e+16,-2.75325203554e+16,-2.11387685522e+16,-501.998585713,-165.575047848,120.138456231
1e+30,4.863385249e+16,-4.82226755913e+15,-8.3563583385e+16,1.2214963465,2.47049020656,7.33571255991
1e+30,-6.25529212727e+16,3.00300171086e+16,7.8395528954e+16,-22.1803559031,30.0666989189,79.5490853493
1e+30,-1.87441085113e+16,3.40745643886e+16,-2.71176830673e+16,-161.418202023,157.041910672,-139.49502956
1e+30,6.37084418906e+16,-3.87117106866e+16,5.44892984478e+16,-168.220994977,-14.8163610195,-172.668086722
1e+30,-1.93411791054e+16,-3.21529939039e+16,-1.8465423284e+16,169.120180824,-258.765003163,167.688888788
1e+30,-1.07389533764e+16,1.65009194486e+16,3.31674862742e+16,-137.626145293,383.106508736,-25.3050201029
1e+30,-1.48177540553e+17,-1.64771301391e+17,-1.44522762392e+17,4.99652836491,39.5435071459,9.44839165028
1e+30,1.51927854447e+16,3.58435101092e+16,5.4187853351e+16,201.382944786,-221.507900896,-103.205699246
1e+30,-1.68742448812e+16,-4.9835695048e+15,1.45156619214e+16,522.754505102,88.4702486522,-133.98425065
1e+30,-3.40500030993e+16,-2.44896387899e+15,-1.41676724546e+15,27.0665250816,-52.3741499146,175.28773488
1e+30,8.42768663694e+15,-7.78655684226e+16,2.12424123766e+15,240.20699494,-179.708716323,136.287295947
1e+30,4.86492067717e+16,1.78705912243e+15,3.63756165761e+16,-331.07378205,-121.803549319,121.75367179
1e+30,3.99469545396e+16,-2.1981472655e+15,-3.69182877703e+16,-46.4661249558,266.911628997,96.8627513749
1e+30,8.55392687679e+17,2.13764336168e+17,1.11039277363e+17,0.642546009069,10.9061442317,-10.3396688414
1e+30,-7.4347710936e+15,-8.40119309138e+15,-4.94712990803e+16,-132.533976024,-154.95238037,-197.490910163
1e+30,-2.04374734492e+16,6.1577587247e+16,1.84586824036e+17,63.5077716707,24.2920119214,10.1698597776
1e+30,9.93372998221e+16,-1.79030010816e+17,-6.09272842715e+16,14.3134528577,8.76166441357,-5.80107810474
1e+30,-1.59281733063e+16,-1.69266825299e+17,-1.2748851612e+16,43.4404888035,27.1699061312,14.8753358767
1e+30,6.924405554e+16,-8.17062757947e+16,-1.00244898272e+16,193.722021021,-29.5867099564,138.70465651
1e+30,-1.42511338667e+16,-1.92896561897e+16,-1.17117259548e+16,17.747009384,-123.968473192,-178.900039816
1e+30,2.10260181552e+16,1.45503963966e+16,-4.73279669141e+16,-468.604074024,153.54690052,-165.855887481
1e+30,3.77750138641e+16,-1.23805329668e+16,-1.32854900709e+16,167.129836416,10.2736110201,-4.95314296399
1e+30,3.26506711341e+16,-8.64336317965e+15,3.10122530136e+15,9.02612596023,-370.44776719,-282.673221139
1e+30,-1.19682226122e+16,4.17729476182e+16,2.41191934442e+16,138.705105937,-78.1206683243,254.162599294
1e+30,-7.77622151687e+16,-1.42076746207e+16,-7.31746138442e+14,5.33249977403,58.0869543927,-35.3797993934
1e+30,3.16079365719e+15,9.57080916805e+16,-4.2097037273e+16,83.7292790616,83.5590994365,-164.436674057
1e+30,-1.00691082203e+17,1.30629337961e+17,3.23142671554e+16,33.0704335987,-100.192743221,29.0775554114
1e+30,-1.31047973774e+16,-1.69549549054e+16,-1.70825884599e+16,10.4392866178,-222.182817684,-91.3790870761
1e+30,-2.90999296013e+16,-9.27221401579e+14,1.14290026119e+16,55.1509179719,209.254029809,31.7492958866
1e+30,4.34457405953e+15,2.20293195515e+16,2.79162172674e+16,471.582506714,484.199811321,274.27305643
1e+30,3.69719089331e+16,1.21601045049e+16,-1.43640015758e+16,-398.26430328,132.052593851,-17.1555663777
1e+30,8.85682524345e+15,2.0189673772e+16,1.7107855689e+15,-119.540586969,21.6252506527,-18.4093915636
1e+30,-2.0097021593e+16,-2.9752071111e+15,-3.48488728825e+16,-207.344476918,-298.184451474,157.232958747
1e+30,-4.70779061302e+16,8.9677204953e+16,1.88693216115e+16,83.9503316473,-137.345259778,38.7411630597
1e+30,-1.80442309876e+16,-5.53467587404e+16,-1.70952442289e+16,-84.2418826602,329.62436606,55.7898056831
1e+30,8.51885709027e+16,-3.94172739883e+16,-4.28990777787e+15,79.3953203243,-233.72221101,43.9048639813
1e+30,-2.09237240529e+16,-4.90167427829e+16,-5.65994543584e+14,-110.703745553,-138.189646498,194.964169635
1e+30,-1.31995263595e+16,1.90929809767e+16,-4.17571373521e+13,230.635784038,240.818356404,395.071653309
1e+30,-1.49518786081e+17,1.40110823092e+17,-2.87929346105e+17,-0.882594834268,-7.39532016459,-12.1307518673
1e+30,-9.19583516677e+16,3.87959557862e+15,9.48083342626e+16,27.6257976706,37.7710909217,-66.2621756201
1e+30,-9.63238213533e+17,2.86116214472e+17,-4.15779177437e+18,1.29869472188,9.23492115671,-8.0867873722
1e+30,-2.43893640221e+16,8.55516279783e+16,1.46694897138e+16,8.06699969025,-51.9150747912,158.615743389
1e+30,-1.22118439622e+16,3.25443295097e+16,6.76824262588e+15,242.035324616,102.936232626,-353.691622838
1e+30,-1.83898558661e+16,7.63059854337e+16,3.2389843227e+16,-67.5953433459,-109.906712156,53.6106557319
1e+30,-2.00943331088e+16,6.58562803524e+16,1.5073609099e+17,-59.1359490251,-2.46365632236,57.743962312
1e+30,3.29269628989e+16,-4.07795267528e+13,-2.0901330492e+16,519.094822996,-104.661991426,198.851287145
1e+30,-2.95307691662e+16,6.47308384683e+15,-2.63579402366e+16,-186.600963136,-339.800510795,-37.2579908224
1e+30,7.22261061475e+16,-1.57350916055e+16,6.18965907621e+16,-201.034566554,-71.6896641689,118.554731544
1e+30,2.73388549434e+16,2.28924005739e+16,1.96241795534e+16,-49.2798432401,-334.542540752,175.836404475
1e+30,2.20359531727e+16,-3.63207754475e+16,4.61012296918e+16,-302.347261173,45.2521727791,-166.705780389
1e+30,1.01274084003e+17,-1.580708963e+16,-3.22545830037e+16,-148.791147007,-13.0842736261,5.2609176463
1e+30,-1.26893561559e+17,3.93681274754e+15,-6.69038482627e+16,-19.4075979027,-23.2175396232,-115.686193508
1e+30,-4.54004718434e+17,9.211024431e+17,9.8633675949e+17,1.15443652346,10.1055224061,-8.96489431774
1e+30,9.19277579669e+16,3.6876942778e+16,-7.70037701333e+16,77.2655123131,-1.71580399583,-56.7738289668
1e+30,-9.05645588093e+16,-7.11165731711e+16,2.85907946686e+16,5.52582972152,-35.0084350535,-36.8299371696
1e+30,3.47560262527e+17,-5.81637106231e+17,-8.17073171974e+17,1.54260227069,6.97705646147,-7.73858156746
1e+30,-8.86018741052e+15,-7.63205218406e+16,3.74626773771e+15,-99.4272411422,-29.706925982,-13.1713992311
1e+30,-4.70679728788e+16,6.25598610767e+16,-5.36519722242e+16,57.6343937876,98.1704025426,150.564783187
1e+30,1.71946194946e+16,2.68484042613e+16,-3.81872434558e+16,-35.9981650636,355.986507238,-113.587256875
1e+30,2.40013689447e+16,-5.95610275313e+16,-2.05392130878e+16,-55.5224976659,-179.266767728,157.964515302
1e+30,8.80707675461e+16,7.27320209849e+15,-6.61249241824e+16,-110.594839381,58.5403332573,15.7154312058
1e+30,1.76769700475e+16,-8.94154244516e+15,4.13918699681e+16,200.276166703,-296.530660268,-169.767160661
1e+30,1.06439093902e+16,2.75460882367e+16,-5.60124268708e+16,-5.56222978284,118.660634489,470.966929595
1e+30,-3.24932221904e+15,-1.6157115522e+17,2.3280354903e+15,86.0598335056,-73.4861187412,-77.0659860911
1e+30,3.46226347314e+16,-2.27019696665e+16,4.44285238073e+15,-134.411267524,-378.516770149,-385.486210379
1e+30,4.31963335401e+16,-1.62904497205e+17,-9.8342254878e+16,-36.738882544,-41.9357206449,-6.03909494012
1e+30,-4.15079237332e+16,4.45864020005e+16,5.28831961987e+16,13.5634047377,-101.552215158,-89.3897172069
1e+30,3.49329942923e+17,-8.74842459112e+15,-1.51964472219e+17,10.3524274863,3.46453359187,-25.0656817415
1e+30,4.1093754292e+16,4.21308113063e+16,2.49004701724e+16,416.135892505,100.490838664,275.081951154
1e+30,3.32186359189e+16,6.10174968259e+15,9.30309852383e+15,-352.155460056,-21.6228114756,141.373557018
1e+30,3.08019594729e+17,1.13499993927e+17,2.19011105207e+17,4.19457930878,12.3377442765,4.53646309599
