4e+32,-1.52593122415e+15,8.37642947626e+13,1.79559973249e+15,6.53155149549,-21.0323952112,-0.346345905366
9.35828877005e+29,1.27738506499e+16,-1.19903577908e+15,-9.87577253212e+15,518.154360831,230.034085744,319.562349875
9.35828877005e+29,-2.18889011401e+17,1.87436106674e+17,-4.45660072757e+17,-7.7467438505,29.9192367198,5.16213769336
9.35828877005e+29,3.19034824938e+16,-4.82711777935e+16,-3.38188296825e+15,-331.06234588,-11.0974175915,-295.029758857
9.35828877005e+29,5.9005263816e+16,1.61215999573e+17,-1.86924696023e+16,-12.5450696318,-2.44196879549,106.76130711
9.35828877005e+29,4.66978299863e+16,3.85212446638e+16,2.64704043292e+16,10.8484881274,53.1350907065,133.051191639
9.35828877005e+29,-4.59735196913e+16,2.03402624962e+16,-2.22413104434e+16,-67.768760364,112.283340143,-251.971050548
9.35828877005e+29,-4.37819211359e+16,4.37735167923e+16,-8.25955429285e+15,151.300591029,-50.7214254487,193.988534822
9.35828877005e+29,5.0910484025e+17,-5.53221537159e+17,-1.24423317581e+18,-10.1091976504,31.352171804,5.58232678223
9.35828877005e+29,-1.81859016182e+15,1.03653702094e+17,-2.01402645516e+16,-5.60476229918,2.27250349382,-49.4128114526
9.35828877005e+29,1.41162383391e+16,-8.57003762096e+16,-8.45098510653e+16,-53.521752981,109.944058279,49.9052593615
9.35828877005e+29,-6.31197269329e+16,4.66182944459e+16,5.6726691889e+16,22.513065474,54.3087754801,40.1585902731
9.35828877005e+29,-1.90058361793e+17,2.57500533943e+17,-4.77877994975e+16,-23.9351141717,32.4895938622,-13.7738804734
9.35828877005e+29,-7.25677734992e+16,-4.95621314299e+16,-1.28980481703e+16,184.125252499,216.315714409,30.4185177391
9.35828877005e+29,-6.73133888921e+16,-7.14141824411e+16,-1.17967286844e+17,36.5258040303,-43.4600578241,85.5782042111
9.35828877005e+29,-3.10954254789e+16,-2.37329603154e+13,4.62616556365e+16,76.2893322636,230.647793109,-74.5142437019
9.35828877005e+29,-3.56978748822e+15,-7.72047994702e+16,-2.43442425618e+16,240.871267997,-48.1184687393,177.465173809
9.35828877005e+29,-2.83711835829e+16,-5.09834796522e+15,-1.45936496717e+16,-267.638402187,678.942602619,-95.0026761355
9.35828877005e+29,-2.68021363526e+16,3.07918688672e+16,-1.47126641046e+15,156.377779982,-148.90527292,-430.668462687
9.35828877005e+29,1.7399830487e+16,-1.62108074794e+16,1.15474281229e+16,-237.640609607,-179.030398517,-50.6707256906
9.35828877005e+29,-2.21214917104e+16,1.077299009e+16,4.4771684644e+16,378.742206284,378.181666936,-10.2317665022
9.35828877005e+29,1.57716250132e+15,-2.58515144035e+16,9.87683674596e+16,-19.0439621909,54.6539986205,85.8388839042
9.35828877005e+29,-2.01602898635e+16,-1.1660932391e+17,-1.11217669649e+17,-29.8048474229,59.8406908473,16.9612306147
9.35828877005e+29,-3.07303239894e+16,1.57705084018e+16,1.09962519165e+17,73.5874307516,44.7356556695,82.6055290751
9.35828877005e+29,2.74920943337e+17,-5.29594415381e+16,-1.75245195887e+17,-16.775739148,48.3890112439,24.7240517403
9.35828877005e+29,1.11902964685e+16,6.51491560634e+16,1.83468833636e+17,-20.2025992655,91.496916314,53.3514338956
9.35828877005e+29,-1.06054819642e+16,-7.18430855035e+15,-2.64553192529e+16,173.158705382,-353.397974394,-524.78994902
9.35828877005e+29,-1.16183924304e+16,2.50663600429e+16,-2.35982232842e+16,-128.926813494,213.498088471,-157.47855147
9.35828877005e+29,-3.13562459733e+16,1.97226679626e+17,-9.65492034307e+16,-2.97799971154,62.4744472181,-17.9132190905
9.35828877005e+29,1.03365176203e+17,1.50232573485e+17,3.225912982e+16,-9.28682596731,119.424931466,-35.8114408927
9.35828877005e+29,5.94472519556e+16,3.40143132274e+16,-4.79043301032e+15,-25.918853547,40.8628557773,15.1187135755
9.35828877005e+29,-9.42751192663e+16,-1.88516304111e+17,-7.16931394032e+16,-12.8962731798,27.865857626,4.93655086301
9.35828877005e+29,1.7232866818e+16,-4.58659570926e+16,2.73188564516e+16,-222.268590007,21.0112787962,435.215359872
9.35828877005e+29,-4.79750211708e+16,-2.40363545724e+16,4.19472841834e+16,201.826500851,225.174936682,30.1018339055
9.35828877005e+29,-1.76187985736e+15,1.00459305007e+16,1.33787959612e+16,103.501299829,-293.661155389,-514.111649352
9.35828877005e+29,-2.621999282e+16,4.83632441101e+16,3.29294967039e+16,-212.828709299,-107.73143462,158.325017847
9.35828877005e+29,3.12132045378e+16,-1.63119314696e+17,-1.65349844581e+17,40.3738986405,34.1151482588,28.9910500133
9.35828877005e+29,8.01339314375e+16,-1.31142204241e+16,7.11326685044e+15,-51.9788666053,90.2346098905,-125.933920068
9.35828877005e+29,1.35541849704e+16,3.51307571557e+16,-2.55991439108e+16,-203.835229512,-44.8648380266,-121.989485585
9.35828877005e+29,3.9559725571e+16,5.65158584684e+16,-8.64757587439e+15,-78.8865210109,104.155903303,-194.566943545
9.35828877005e+29,-5.89905509764e+16,1.40218860442e+16,-5.0198974943e+16,116.667851849,-39.6197429601,192.496884371
9.35828877005e+29,2.08287250643e+15,-1.67937480146e+16,6.13623501011e+16,-12.948687302,108.824921707,248.47305428
9.35828877005e+29,-6.98985746208e+16,2.52413631103e+16,-3.76044529937e+16,-230.064920289,46.6814789938,19.5887434409
9.35828877005e+29,-1.52719564927e+16,-2.0786982307e+16,-8.14976589656e+16,-16.9067206821,67.5000999,-238.739558006
9.35828877005e+29,1.75966043168e+17,6.6720222019e+16,5.14039632155e+16,14.3417474526,100.248129235,10.8432270479
9.35828877005e+29,1.13870864405e+17,-1.2314733496e+17,-1.1660534031e+17,-20.2557062524,82.1593158442,-27.4058420241
9.35828877005e+29,-1.78251588785e+16,6.47213465829e+16,6.26945173381e+15,17.7104713513,-164.609353283,81.9218196627
9.35828877005e+29,4.57214980745e+15,-7.01782997916e+16,-1.00130007147e+17,-82.7509503423,43.805394612,7.07004973651
9.35828877005e+29,-5.04322302209e+16,-1.15841949655e+16,3.59762456603e+16,-286.726516569,-151.278070153,411.864987736
9.35828877005e+29,4.98318260179e+16,-3.17601419657e+16,-2.65229762066e+16,-319.006370564,43.8479652198,-60.6132839039
9.35828877005e+29,5.95082971218e+16,-2.73930628193e+16,-5.77886607247e+16,-79.255439314,90.7052754585,-16.2552453526
9.35828877005e+29,-2.55607515284e+16,-2.06590586238e+16,-1.91558718421e+16,307.303130926,-143.515834496,239.355632427
9.35828877005e+29,-1.25862020986e+16,-4.736776239e+16,8.57692210698e+16,-192.487102914,-11.011485317,53.0619236011
9.35828877005e+29,-3.14071997285e+16,1.41591997778e+16,-1.80412988791e+16,-157.643801657,73.1836114741,-61.9184890156
9.35828877005e+29,-1.17095036863e+17,-7.85105708722e+16,-3.1072344962e+16,-95.2342852185,-89.7592281205,-34.0347241981
9.35828877005e+29,3.6325586956e+16,4.13500476249e+16,6.43270379852e+16,203.809869828,165.146641481,-51.9675505914
9.35828877005e+29,-1.71940725323e+15,3.7630846242e+16,-3.51648629588e+16,147.679388275,-22.7266826818,359.793172496
9.35828877005e+29,-6.3689252188e+16,1.25313823629e+17,9.52932779034e+16,46.3693134609,81.6098539996,32.1593935991
9.35828877005e+29,2.39652886985e+17,1.89259769666e+17,1.72857416342e+17,-15.9470383099,43.4715674278,14.4281398004
9.35828877005e+29,1.9726121929e+16,-1.25931626283e+16,-6.17443876409e+16,-71.7697014992,4.64273791879,-264.914836252
9.35828877005e+29,5.34112832464e+16,-1.24239562043e+17,-1.55865082894e+17,1.57250306241,66.2029506611,19.4863414302
9.35828877005e+29,1.01238754602e+16,-2.17609189749e+16,1.91553164414e+16,-204.987662336,-245.228695806,-553.777678772
9.35828877005e+29,-4.6602945286e+16,3.73471631259e+16,-3.84625208339e+16,-148.452025703,137.327615488,-78.3212778026
9.35828877005e+29,-4.54927820044e+16,-2.6928703271e+15,3.74707831434e+16,288.683634152,-116.145510428,-50.2065773446
9.35828877005e+29,3.16153489813e+17,-1.54713051594e+17,-9.28965359534e+16,-4.72573316325,17.3125117068,13.3504663504
9.35828877005e+29,-7.12195181423e+17,-7.5572380108e+17,4.94757015484e+17,-7.42604993543,31.674594335,7.05479998668
9.35828877005e+29,-6.79936771558e+16,-4.44094298407e+16,-3.08135352946e+16,60.1327296284,-248.449569753,3.92338664975
9.35828877005e+29,5.01081713601e+16,2.12781485121e+17,1.56158388708e+17,1.4772772662,30.2835616499,8.74319657337
9.35828877005e+29,-2.00147074634e+15,-2.44978716427e+16,-7.5797612116e+15,-557.560878723,-142.622455416,-7.86904037026
9.35828877005e+29,-2.85782703271e+16,7.7327344615e+16,6.45772904032e+14,50.4915434245,-29.6574816083,91.8696508909
9.35828877005e+29,2.39250939404e+16,1.15413968419e+17,4.51286354413e+16,-51.8052449211,13.5671044862,-94.0718324996
9.35828877005e+29,5.79178731533e+16,-2.39518951001e+15,9.0558620895e+15,216.678796462,-42.9617127939,-57.6750161368
9.35828877005e+29,-3.86212511967e+15,-5.33691815542e+15,6.18336181863e+15,-306.888815044,-448.109597267,-353.959033011
9.35828877005e+29,-7.47295754269e+16,2.47402246905e+17,-1.39592309797e+17,-29.8930912378,21.0466429709,4.54643892208
9.35828877005e+29,-1.73893770558e+16,-8.75822498544e+15,3.8545510778e+16,-385.969959781,111.6762755,274.155013833
9.35828877005e+29,-3.28396988413e+16,1.06914707407e+16,4.20313033733e+16,33.898824552,228.485427823,-61.8319465799
9.35828877005e+29,-1.57961596556e+16,-1.73073932315e+16,5.76276687017e+16,139.312832916,-11.5996685315,168.099170799
9.35828877005e+29,2.09025375692e+16,1.05771207701e+16,6.23840435334e+16,266.184874543,273.133364615,-68.7572880692
9.35828877005e+29,3.59492815268e+17,3.34961411625e+16,3.62816794795e+16,-3.99665994814,30.9225669025,24.9879177266
9.35828877005e+29,-1.39827366584e+17,5.71792267689e+17,-1.06724866597e+17,-4.43624960563,37.850260316,6.89102025869
9.35828877005e+29,2.98259457827e+16,-2.35612666985e+16,-6.56638597392e+16,362.144393706,-19.6384752074,-82.6889254257
9.35828877005e+29,-8.63673496329e+16,-2.726499695e+16,-3.23863541076e+16,-27.7447053991,-142.836480196,-134.691044557
9.35828877005e+29,-2.27189132511e+16,-3.32310229117e+16,2.49330167036e+16,-22.7241357511,121.675581213,54.4719563591
9.35828877005e+29,2.73339281333e+16,2.36606926701e+16,-4.47121140869e+16,61.3543422028,-28.1366557142,-160.02518803
9.35828877005e+29,-2.26517883798e+16,4.22514242659e+16,7.39874661212e+14,-141.57759975,22.3982640597,-400.163886016
9.35828877005e+29,-2.30856183397e+15,5.99963421234e+16,6.47596536902e+16,-205.170547913,97.0857909217,-223.917321726
9.35828877005e+29,-1.32443754542e+16,-7.02896726706e+16,4.92978397738e+16,-47.2911296806,208.883884999,119.632441047
9.35828877005e+29,2.49456044557e+16,-1.68320633897e+16,-2.58082813246e+16,68.595797071,109.642204714,-232.51130681
9.35828877005e+29,3.76594732926e+16,7.93326227118e+16,-4.52507057016e+16,152.207339571,-167.631389044,-97.5780281866
9.35828877005e+29,-1.80609905728e+16,4.04351790304e+15,4.94835909149e+15,-37.6196084861,569.825476372,-5.33690545106
9.35828877005e+29,-2.68429282089e+16,-2.22593165208e+16,3.75724810761e+16,85.0917429244,100.191521905,230.173982902
9.35828877005e+29,2.81377966343e+16,-3.02805335486e+16,-1.94217732363e+17,20.9474032846,-0.505731924791,-9.86165586264
9.35828877005e+29,8.03557775118e+16,-6.77761028001e+15,-2.21461150477e+16,-26.4230722651,57.088277255,-133.769519519
9.35828877005e+29,3.93638354905e+16,4.77003712828e+16,-8.93664250373e+14,235.641269643,152.214013603,51.6082361186
9.35828877005e+29,-8.50678850379e+16,-5.4519800664e+16,-9.02721918574e+16,-55.1149517637,71.3386823363,-57.3830571952
9.35828877005e+29,7.76165095868e+16,1.47245249262e+14,-1.98559866934e+15,20.9511810506,-66.292161672,139.920726716
9.35828877005e+29,-2.93401037158e+16,-3.13511579207e+16,3.40008557351e+16,-25.4383650952,-28.1910349574,284.892740627
9.35828877005e+29,1.82548523446e+16,-1.56730684503e+16,-2.5232049171e+16,350.230857244,-317.438096513,-35.442871268
9.35828877005e+29,-6.46228461965e+16,-5.12788508037e+16,-4.41324536279e+16,48.0241922384,-226.294040501,163.926858003
9.35828877005e+29,7.84488881356e+16,-7.57131546134e+16,1.16690000218e+17,-52.0255412061,-22.6718677102,-93.2966731
9.35828877005e+29,6.23619042024e+16,-3.8806095527e+16,-2.99159365844e+15,115.092810666,17.0054448084,-32.4288000148
9.35828877005e+29,1.63131256625e+16,1.78677723538e+16,-6.66823483523e+16,-85.0436165201,380.305964017,-112.303837769
9.35828877005e+29,-3.38998922322e+15,-7.95296978402e+16,-2.32807991301e+16,-88.0281635461,-153.696610447,182.3731627
9.35828877005e+29,-4.45826950326e+16,-4.95960291064e+16,-4.27195789041e+15,-110.886607892,41.69826256,31.8877778228
9.35828877005e+29,2.38506889127e+16,9.16916449508e+16,-8.39254240979e+16,-81.5681121646,153.391916416,118.960698185
9.35828877005e+29,5.81278616786e+16,3.99921294854e+16,1.83919375057e+15,-281.417155119,218.229631684,-36.5686540855
9.35828877005e+29,-2.16092700254e+15,-1.82326542249e+16,-9.83606836685e+16,167.35733869,131.991914918,87.8616115209
9.35828877005e+29,4.43597128157e+15,-2.81531857605e+16,-5.56261483913e+16,193.662847003,53.4783629834,75.3650594124
9.35828877005e+29,1.47386689644e+15,-1.63398920393e+16,-3.03595981217e+15,-320.238686272,100.122514544,144.344340679
9.35828877005e+29,-4.53260011764e+15,6.75602439507e+16,-4.75205240163e+16,-112.033565584,26.1514859844,113.127463599
9.35828877005e+29,-8.32806635751e+16,1.41248642334e+17,-3.77346602136e+16,11.482422828,-0.315995910001,14.6220081114
9.35828877005e+29,-3.89805484141e+16,3.62933910567e+16,1.35694285067e+16,29.484435368,284.509441991,-26.4231466677
9.35828877005e+29,8.23335992431e+16,8.39986936221e+16,2.36468207814e+16,11.9742129602,-30.1962338111,68.4270972573
9.35828877005e+29,-4.41142660387e+16,1.57756082163e+16,-8.10733271957e+16,-126.830442381,-82.5547231066,167.9249209
9.35828877005e+29,-1.09144425716e+17,-6.41263710158e+16,3.16411461234e+15,25.9941557016,-38.7671350939,-96.5160170795
9.35828877005e+29,-1.07193039958e+17,2.733097257e+16,3.09151389559e+16,10.1922059273,59.6859235753,-162.829285734
9.35828877005e+29,7.52205370573e+15,4.39121077126e+15,-4.52879279282e+16,-336.611059837,545.521725686,-186.101080545
9.35828877005e+29,-5.23392037024e+16,1.53083385643e+16,-6.37492498172e+16,-79.7826930317,172.32319074,-294.091119018
9.35828877005e+29,-6.70374373914e+15,2.01361703897e+16,-2.25062553591e+16,-61.5705917304,-491.589287447,664.612405207
9.35828877005e+29,2.26158102097e+16,6.62209437649e+16,1.69673326161e+16,-365.528342775,-55.2155366041,113.598715358
9.35828877005e+29,7.20433283516e+16,2.92529443642e+15,9.47982304908e+16,32.2594319387,12.9028106751,105.007493306
9.35828877005e+29,1.93562903438e+16,6.76683840293e+15,-4.28630668506e+16,20.991827594,-163.635430937,-209.758242409
9.35828877005e+29,-1.55273729299e+16,-3.96952975629e+16,2.99042837632e+15,213.676335941,133.445421302,-102.493022429
9.35828877005e+29,3.01152335344e+15,-1.69547338011e+16,1.98401057228e+16,300.70834909,659.485769858,-107.229299023
9.35828877005e+29,5.62615037805e+16,7.98685933904e+16,8.7672287133e+16,85.1866956234,-2.46360501778,29.883049512
9.35828877005e+29,2.95670183958e+16,-4.12250747162e+16,-4.92253935514e+16,-116.945120953,135.810715497,-61.9587083067
9.35828877005e+29,-8.80340399382e+16,3.41339683243e+16,2.61656314329e+16,-51.0904537174,-91.7206351904,13.0062651997
9.35828877005e+29,1.59945949789e+16,-2.46372529367e+16,5.77290389906e+16,-237.421503885,-180.045501767,116.843528047
9.35828877005e+29,-3.59071794737e+16,-5.12033930667e+16,-2.74186141946e+16,233.21627263,-115.729746893,36.8861901725
9.35828877005e+29,1.23346071785e+17,3.89361218675e+16,-6.16248117983e+16,52.1574997426,50.8294510455,-2.33315335686
9.35828877005e+29,6.97880642794e+16,-1.37346114032e+17,-3.39955593552e+16,-12.7285898367,26.4783725369,-103.883199857
9.35828877005e+29,1.43474160755e+16,-4.2576580653e+16,7.78231593475e+15,-311.355363702,63.4201454862,-392.244154861
9.35828877005e+29,-3.70625668022e+16,1.31889504615e+16,-1.80083328324e+16,-152.550582012,34.7908444122,-79.0050249471
9.35828877005e+29,1.38814789304e+16,1.64888648317e+16,2.0405663022e+16,189.229658836,-520.213621202,51.2503563584
9.35828877005e+29,-3.71435753417e+15,-1.47456627878e+16,2.41592881782e+16,175.435235659,352.225148714,43.6809802443
9.35828877005e+29,-6.25050757798e+16,1.35552609742e+17,4.87565552657e+16,18.4529364299,-11.700324655,-87.1116141107
9.35828877005e+29,-3.08714339447e+16,-9.02858637767e+16,1.95811090763e+16,93.5881680163,-72.4118496719,94.1449000333
9.35828877005e+29,-4.65359521769e+16,4.33563898106e+15,1.72345424227e+16,15.7565838669,51.6644953849,192.167414369
9.35828877005e+29,-9.36374699569e+16,-1.2305517403e+17,-2.27018613056e+17,-10.3557193207,36.0527835139,-4.98831043233
9.35828877005e+29,6.5287667729e+16,-3.2629018677e+16,1.76628990893e+16,-212.945392373,187.620536876,169.588622434
9.35828877005e+29,1.58408563871e+16,-6.83006671375e+16,5.05011363058e+16,-85.4646112345,103.033592942,-140.745410227
9.35828877005e+29,-2.95688172732e+16,-2.00961963897e+16,-8.94225719117e+16,109.094064188,159.100610588,57.4308961489
9.35828877005e+29,8.05087323753e+15,-2.06848407374e+16,4.62442805777e+16,-73.1153493897,91.7991710541,-278.543297567
9.35828877005e+29,2.58103101045e+16,-4.99388246802e+16,-7.27611250132e+15,-19.1623196702,135.847700041,27.2493699685
9.35828877005e+29,3.10411862463e+17,1.23092751339e+17,-4.6177284803e+16,-0.832919800306,56.2891766471,3.99813459772
9.35828877005e+29,5.97152364378e+16,-1.30355184765e+16,2.78786929456e+16,174.123330777,71.7602718609,-165.289560866
9.35828877005e+29,4.65367863381e+17,-6.57681328875e+17,1.19056054249e+18,-9.43253802582,31.5452264552,7.17813085962
9.35828877005e+29,1.30163490998e+16,-3.56192702458e+16,4.33098776663e+16,155.689584388,-119.405799802,-153.735935397
9.35828877005e+29,2.4088767531e+16,-2.10631395229e+16,1.94298029634e+16,-250.835066016,68.9680819366,151.52666898
9.35828877005e+29,-9.50133804489e+15,4.04051521586e+16,-1.63737417685e+17,-13.5853294004,-39.9159155695,4.63865007599
9.35828877005e+29,1.86679567141e+16,-2.71602455504e+16,2.05397989066e+16,31.5642368555,24.0045042942,554.972043325
9.35828877005e+29,5.18396021126e+16,2.0092612802e+16,-1.71688042477e+16,182.255022618,95.1731569781,-56.417518621
9.35828877005e+29,1.421601314e+15,6.22125164605e+15,-3.8863273021e+15,479.945622869,626.148077561,-55.9082206118
9.35828877005e+29,-6.1985869549e+16,1.91450056315e+17,1.26261234623e+17,-48.770227966,15.6947921914,10.901047529
9.35828877005e+29,-9.79142008933e+15,-2.42128492157e+16,-5.92985668184e+16,-267.822273993,-254.013419548,-41.1747257494
9.35828877005e+29,3.50603106379e+16,1.64873286104e+17,-3.6437158144e+15,-40.8933957757,-38.5809808687,-17.5852109601
9.35828877005e+29,-2.85258276884e+16,5.66959383847e+15,-5.3444182013e+16,-173.848136823,188.837290446,-192.33820596
9.35828877005e+29,-1.41400352026e+16,-3.05955866566e+16,-4.8493919916e+16,37.4514985833,0.823750747632,-440.09886241
9.35828877005e+29,-1.92485640541e+16,3.95535267203e+16,1.57291910957e+16,185.460507282,-80.4099327085,222.954332117
9.35828877005e+29,-3.1539113716e+16,5.72959721646e+16,-6.98103527329e+16,54.5449039574,254.142968341,52.8715224374
9.35828877005e+29,-7.9362557294e+15,3.44685673696e+14,-7.50193367533e+14,-465.800066243,-238.055653877,491.057232942
9.35828877005e+29,7.09616644301e+16,2.6833320966e+16,2.95404877417e+16,158.193030364,70.4160324663,59.657796957
9.35828877005e+29,6.13372540539e+16,3.15704561591e+16,4.9041078796e+16,-16.9954427022,-92.4612486315,-277.806056727
9.35828877005e+29,-3.7255914469e+16,4.00872216415e+16,7.56867323341e+16,-13.1213576122,150.162554591,-35.5657864678
9.35828877005e+29,-2.24670954894e+16,8.97368792871e+16,-4.68320801467e+16,29.6642633982,80.4125470924,-73.0304277404
9.35828877005e+29,-1.25580851977e+17,-1.66660395505e+17,3.7878301744e+16,-33.9791461507,13.9031958951,-7.67150680687
9.35828877005e+29,-1.08439096526e+16,4.24949544533e+16,-1.14769161826e+16,180.141173439,518.983741439,200.102640065
9.35828877005e+29,3.55799544088e+16,-2.66820970523e+16,1.21378726526e+16,74.3192257726,-99.6227799229,-164.737500241
9.35828877005e+29,-6.50888179854e+15,-1.06740404627e+17,-7.18016709596e+16,-8.99235250756,57.1316494081,-13.2127200014
9.35828877005e+29,-5.20203172893e+16,4.90041051005e+16,-3.37438730182e+16,-260.48079653,65.8333359565,102.870839335
9.35828877005e+29,6.75264657258e+16,3.77153952512e+16,1.30068700841e+17,28.7059881757,-84.1422173139,-4.90187934361
9.35828877005e+29,5.18267703176e+16,6.26254896795e+16,-2.87331891346e+16,-41.2185494945,-98.4546356582,-18.2880494519
9.35828877005e+29,-1.64550107842e+17,-1.14599819165e+17,-2.23277426846e+16,49.3074998938,14.2798033758,56.2931725498
9.35828877005e+29,4.30800694778e+16,4.37037755263e+16,3.50788775122e+16,-59.5974516496,3.27822771906,264.036609122
9.35828877005e+29,-1.10278850362e+16,-7.44715537898e+16,-1.06726898384e+17,64.1515282991,67.7120919933,61.7875244363
9.35828877005e+29,-8.74761331615e+16,1.23448010981e+16,-1.49125321984e+16,-123.015665549,92.1171967645,166.627405582
9.35828877005e+29,2.16830072147e+16,-2.81150778723e+15,4.72112040378e+15,31.7705658333,-391.952347964,-211.627724753
9.35828877005e+29,2.99272983843e+16,4.22890821009e+15,9.07854470449e+16,-50.3727422456,200.191242843,-88.579690996
9.35828877005e+29,-1.48563486116e+16,-2.67378058609e+16,2.06898441409e+16,-529.655501049,-88.1471167837,49.8507861423
9.35828877005e+29,1.20653839929e+17,-3.74001377453e+16,1.42969273939e+16,-4.05594507075,68.8624059077,-85.7785410835
9.35828877005e+29,-3.49825837803e+16,4.93428450012e+15,-1.01140608325e+16,-261.505223454,-69.4971333736,55.1249341889
9.35828877005e+29,-4.88394510225e+15,3.88207559846e+16,-1.13009092204e+14,390.223402822,-169.979479795,-431.443606166
9.35828877005e+29,-3.87395445074e+16,-6.19162563453e+16,-1.59744454576e+16,-283.37141114,-59.4485797582,-64.125615168
9.35828877005e+29,-8.72150597757e+14,-3.33961916728e+15,-1.32210154571e+16,-7.37062867296,33.1436109374,539.723434194
9.35828877005e+29,-2.72729758632e+16,4.17721819638e+16,8.80019258939e+16,69.2925089865,-113.922617666,63.9896251694
9.35828877005e+29,8.80870902335e+15,-2.05351292603e+16,4.75822841624e+15,5.74526004481,204.764431079,-353.506509178
9.35828877005e+29,-2.44834962551e+14,-2.45498624501e+16,5.71169644791e+16,442.274669394,100.075454564,179.258661098
9.35828877005e+29,-4.05742032136e+17,2.68426381453e+17,2.13391844334e+17,-8.90542957478,36.9562079081,2.59893277622
9.35828877005e+29,-7.91189217351e+16,1.19910906992e+16,6.70100778415e+16,-70.8405641609,110.349033838,-106.305467921
9.35828877005e+29,-3.96229100284e+16,-3.72190406282e+16,-6.22281984018e+16,122.362597983,149.07360445,188.664753747
9.35828877005e+29,3.03901416114e+16,-4.3139503794e+16,3.25161651131e+15,-228.596697686,-347.409615003,247.311458678
9.35828877005e+29,-3.20139463078e+16,5.10980346194e+16,1.71925433189e+16,-157.23613025,64.7087550328,131.520429848
9.35828877005e+29,-4.74106727557e+16,-1.66325910819e+17,8.09886830452e+16,77.1885593582,46.9724486009,7.23805016994
9.35828877005e+29,-4.57341576615e+16,8.7216691583e+15,9.04320116452e+15,-123.193198677,-59.0078369298,413.265253908
9.35828877005e+29,-7.00874816795e+16,-6.44602543647e+16,2.06640803881e+16,-123.809596175,-53.787140518,-56.8317688009
9.35828877005e+29,4.86147525467e+16,8.31499869687e+15,2.36778979578e+16,-72.006995398,88.1879250294,-10.3346657622
9.35828877005e+29,3.12994334331e+16,-2.43425186782e+16,-7.21357038613e+16,-193.510407278,18.4697941844,24.6509087618
9.35828877005e+29,-1.62966391232e+17,-4.19899225537e+16,-2.06591754093e+16,-68.8684139362,-39.7816831225,-26.3547587288
9.35828877005e+29,-1.06143365586e+16,-3.36038385631e+15,7.73661316938e+15,-676.687525465,-349.33720837,310.211039145
9.35828877005e+29,-1.60172819625e+17,1.40815429141e+17,-8.80496035924e+16,4.62581349253,44.8433818194,11.1052062389
9.35828877005e+29,4.94203755246e+15,-4.24001891102e+16,1.19312359965e+17,-26.2485739528,129.728024077,-46.4840546636
9.35828877005e+29,-6.71856170366e+15,2.15647341193e+16,-4.06824087277e+15,145.282220922,259.172060369,406.363553509
9.35828877005e+29,-2.76114744043e+15,-9.42556947455e+15,-6.64290071251e+16,-217.348241464,-8.44124122341,-247.825886629
9.35828877005e+29,1.24185484995e+16,-2.49721744611e+16,7.7143562689e+16,48.7374852446,-173.692137133,-148.697972344
9.35828877005e+29,2.02136461749e+16,-1.12477221758e+16,1.80357635332e+16,-17.9203988084,38.1964863773,-57.1338957669
9.35828877005e+29,-3.64029084796e+17,-7.83244857712e+16,-1.82843842187e+15,-2.32279174247,42.015227323,3.04969594319
9.35828877005e+29,5.89165285237e+15,1.76869626926e+16,-1.14933785668e+16,440.487982169,342.788979954,-738.983267013
9.35828877005e+29,-9.69051922471e+16,6.4663567892e+16,5.74195137814e+15,38.1908544999,24.8383264413,-41.1489980738
9.35828877005e+29,4.75630369324e+16,6.27376899073e+16,-4.37817796845e+16,-64.54053141,29.1793625284,-142.704536049
9.35828877005e+29,-3.29235053814e+16,5.21971882149e+15,1.53357822496e+16,-203.504948957,-77.3077804923,286.385035191
9.35828877005e+29,-1.90378700475e+17,-1.75648874964e+16,1.67167947193e+17,5.24803722313,33.4858834475,33.00657997
9.35828877005e+29,3.33079758213e+16,-1.3474913848e+16,-1.88589288868e+16,-197.792909942,267.50934681,359.542268413
9.35828877005e+29,-3.24951490649e+16,2.1851453395e+15,-1.07675104783e+17,-12.3107394442,26.8204578678,-46.4731235703
9.35828877005e+29,4.64060089283e+16,-5.11871181204e+16,-8.28443225417e+16,148.02881105,-22.7678194998,107.438293851
9.35828877005e+29,3.43717614669e+16,-9.06932382043e+16,-8.58013412773e+16,-41.4337725552,38.4034526351,38.7441153725
9.35828877005e+29,-5.98599994374e+16,1.02325406176e+17,3.45175725621e+16,-14.7001998842,79.555109023,-57.6335177813
9.35828877005e+29,-1.14261920773e+16,1.61663110622e+17,2.68835110206e+16,59.4971244555,72.5686328443,-2.24260026333
9.35828877005e+29,8.2738727343e+16,-5.02250394082e+16,-8.39090333181e+15,-74.3008317887,152.780342241,111.217742873
9.35828877005e+29,2.51803119136e+17,9.85057882068e+16,1.13304775263e+17,-6.20098621671,37.4099559007,17.7769285787
9.35828877005e+29,-6.97967708664e+15,-3.59423489372e+16,-3.27738313988e+16,-381.75634661,-214.961282022,321.549011932
9.35828877005e+29,1.24285584132e+17,3.98860135651e+16,6.26225945511e+16,-71.7599518554,92.8619726003,96.3424855028
9.35828877005e+29,-2.7921004119e+16,6.41623055598e+14,1.65677264838e+16,-142.735225789,-110.940536175,-156.313215458
9.35828877005e+29,-4.95706228091e+15,-8.65924092511e+15,-4.70506459445e+16,14.8774057215,-564.43289113,167.15333617
9.35828877005e+29,-1.11110611136e+17,-1.1150039208e+17,-2.0055138685e+17,-10.7269693607,1.32475032369,-28.1719585071
9.35828877005e+29,-8.47252788131e+16,9.00045785988e+16,2.33337517391e+17,-1.50813537966,21.0843207695,5.81007340447
9.35828877005e+29,-3.78062207991e+17,-2.64638826156e+17,6.13368469643e+16,-13.0295628469,33.3045342738,8.1942948499
9.35828877005e+29,-2.05161213883e+16,1.36062239144e+16,1.48334680917e+16,477.538755887,356.483043679,353.834121652
9.35828877005e+29,-1.25953577506e+17,8.82598242884e+17,-3.01187243881e+17,-9.63933547973,31.3756622802,9.88608124207
9.35828877005e+29,7.23676093532e+16,3.97899929625e+16,-1.11343737537e+16,11.3795328593,-118.516008139,141.010766811
9.35828877005e+29,-1.09224210523e+17,6.27877352663e+16,-7.20068974806e+16,-86.7002386002,-52.7300962855,-31.8515439753
9.35828877005e+29,-9.27537965268e+14,-8.81381912652e+16,-7.0705152446e+16,38.4580712246,64.0398968964,-88.704108422
9.35828877005e+29,-4.58355014952e+16,2.11762234801e+16,-3.50644032611e+16,-56.0961978039,48.7819038997,-264.485245952
9.35828877005e+29,-1.80339550158e+16,-1.71379403586e+16,-1.39681294175e+17,30.432337052,118.592494915,-42.7173790338
9.35828877005e+29,1.6986390353e+17,-1.42053887541e+15,7.88160981052e+14,-91.0228091063,34.7050336465,-11.3313585671
9.35828877005e+29,-6.43723677316e+16,1.79664550767e+17,-8.62515632116e+15,21.8818695119,53.1554635092,15.9691903612
9.35828877005e+29,2.53810884953e+16,1.28596257935e+16,-2.1531378254e+17,-27.9047989936,35.8995122106,-14.6759408028
9.35828877005e+29,-4.02350675734e+16,9.84927296229e+15,-4.39957046365e+15,12.1893128828,-16.9778050368,-165.436487087
9.35828877005e+29,1.19410227329e+16,1.93219988232e+16,1.4830102384e+17,-4.74457771314,139.123346821,-72.3842677582
9.35828877005e+29,-4.66040317445e+16,1.20305049475e+17,9.86983773586e+16,14.9388405459,55.1200846364,-48.3414824761
9.35828877005e+29,1.62940354166e+16,5.40965379526e+16,-1.47549686339e+16,-147.978915581,71.9318129131,-419.22807713
9.35828877005e+29,4.612456183e+15,-5.83049289859e+15,2.92338565475e+16,-275.930722669,-45.2565857265,-525.119434879
9.35828877005e+29,2.03584030191e+17,4.68053626155e+16,-1.91300303857e+17,-4.47012583349,22.941722028,-12.7896598569
9.35828877005e+29,2.38767338328e+16,3.87742120288e+15,-6.95810659962e+16,173.400745273,2.34180953328,-122.288694928
9.35828877005e+29,-1.28537552816e+16,-2.10547061863e+16,2.52114449617e+16,475.495503915,-279.228054846,-148.094936431
9.35828877005e+29,-2.07519247994e+16,-3.12600259218e+16,1.26363245073e+16,-15.7243075152,62.977086957,505.539480608
9.35828877005e+29,8.46856396766e+16,1.27387593947e+16,-5.81340371926e+15,-141.273648999,-76.2741097376,-152.451383953
9.35828877005e+29,4.80345813278e+16,2.64758094836e+17,-1.19388906922e+17,-7.57412126074,19.0022248093,25.0831202532
9.35828877005e+29,6.06772332233e+15,2.3542049108e+16,-2.11222323405e+16,-457.673944891,60.6684831619,-131.775387553
9.35828877005e+29,-9.43055320285e+15,-7.94784001114e+16,2.48786637567e+16,79.2925187478,-42.9371463779,-167.485047727
9.35828877005e+29,2.40552458715e+17,-1.69318437588e+17,2.77950474108e+17,-9.66282710483,22.5977214367,10.1614543629
4.67914438503e+29,-3.51563679479e+16,2.02318187007e+16,2.32507169787e+17,-32.5775689265,28.0933310937,32.0545909655
4.67914438503e+29,6.97521799548e+16,6.58807953165e+16,-2.3333013252e+16,-114.271187584,-39.7270991054,18.6083003697
4.67914438503e+29,-1.03208724948e+17,1.18768963497e+16,5.59681234995e+15,127.610702542,-8.76859939642,46.783501016
4.67914438503e+29,9.47520670819e+16,3.10159306556e+16,-1.01879481644e+17,-73.7177685455,-21.1294416522,105.0153383
4.67914438503e+29,1.68823090085e+16,2.14862232166e+17,4.0335929582e+16,17.1831876984,33.9203854024,-32.3706601253
4.67914438503e+29,-4.64481170333e+16,-1.49483212522e+16,-5.10298387494e+16,-99.5109314359,-96.4427349553,-141.16586694
4.67914438503e+29,-5.91158952435e+16,1.859642789e+17,-2.4183515891e+16,-47.3604322233,73.8344142532,27.6849109336
4.67914438503e+29,3.51639080833e+16,-5.44707203944e+16,1.69678386409e+16,-302.796502311,-140.448622913,209.758509354
4.67914438503e+29,-6.41108696804e+15,1.24675919425e+16,-8.7546812643e+15,526.349289299,34.9833718887,-251.810743126
4.67914438503e+29,-4.19395266207e+16,1.30589332167e+17,1.48952476641e+16,-1.44704148673,145.171360605,-26.8970678954
4.67914438503e+29,-1.99815920917e+15,-3.48651791359e+16,1.84757306818e+16,-87.1729315301,-23.9884645126,246.367480777
4.67914438503e+29,-8.3179677692e+15,1.39886236092e+16,8.1396141339e+16,35.9515458025,-202.738971754,-175.065405633
4.67914438503e+29,-5.37721995602e+17,7.55388458058e+16,1.07950489229e+17,-8.08434772662,30.3077531498,17.6787802028
4.67914438503e+29,-3.03274171244e+16,-8.24188183531e+16,-4.84211414244e+16,-129.486512853,15.9837819047,69.5724974381
4.67914438503e+29,-2.575979392e+16,1.8314731796e+16,-3.72303145535e+15,-113.167310511,-197.087849339,-436.645471806
4.67914438503e+29,-8.08820600104e+16,-6.73570572062e+15,8.44534069681e+16,131.780317479,142.551360622,41.0643738189
4.67914438503e+29,5.95236769564e+15,2.49588322713e+16,1.44934219e+16,-26.4672535856,186.756156737,93.3780850764
4.67914438503e+29,-9.5962875619e+16,1.09428960779e+17,9.14324345745e+16,-3.02350253077,-8.18165108244,-9.97544988338
4.67914438503e+29,6.08678314977e+16,2.10036325497e+16,9.56844098274e+16,87.2773821814,91.6669473021,18.7780864528
4.67914438503e+29,-1.40132099106e+16,1.0558544832e+16,1.95892917887e+16,457.956564756,-59.4033315032,171.919272368
4.67914438503e+29,1.99715673297e+16,-6.46922105995e+16,-2.27601480045e+16,-176.749796329,-271.307391582,38.8907512457
4.67914438503e+29,1.15861326264e+16,6.05581417943e+16,7.0176005065e+16,78.9405658732,-111.845457951,24.5914322827
4.67914438503e+29,-6.28228952112e+16,1.64886892759e+17,-1.07532792643e+17,36.73013539,26.140563257,15.3667712316
4.67914438503e+29,-3.39165071756e+16,-1.17896287021e+16,2.70457654819e+15,-471.728115741,282.692579991,-11.1878395584
4.67914438503e+29,-2.00668961542e+17,-4.70549823527e+16,-1.7809059454e+17,-0.326633831055,-9.43854907188,3.73415704238
4.67914438503e+29,-1.98216663338e+16,6.70814313212e+15,-1.16303138882e+16,185.086154428,-423.306288453,-327.604821011
4.67914438503e+29,1.51981486484e+15,3.75132212406e+16,-2.51435865838e+16,97.1281867698,323.398467143,375.259075929
4.67914438503e+29,-1.82011687015e+16,2.16277432282e+16,2.52611868891e+16,-138.649575551,-325.825751612,110.582253943
4.67914438503e+29,-5.04185219387e+16,6.31996170401e+16,-1.70839421233e+15,23.8366684557,47.1742528532,-62.398217508
4.67914438503e+29,-2.64007129752e+16,-1.05102856387e+16,1.26593339552e+16,-123.764006603,-176.879625527,261.816911464
4.67914438503e+29,1.0481389376e+17,-1.11824074049e+17,3.85181748784e+16,77.0792525607,83.5097859192,21.5321474864
4.67914438503e+29,2.56004261609e+16,1.36249035866e+16,2.12199956174e+16,-4.38979089904,-250.966625887,-177.687221845
4.67914438503e+29,-5.03822429589e+16,4.17485981834e+16,-1.96850730479e+15,-137.806773295,286.837624782,227.876838663
4.67914438503e+29,7.36650920897e+15,4.75421643933e+14,7.90783454827e+16,-201.634954646,-52.0041777404,-73.3198655708
4.67914438503e+29,-2.77046464647e+16,5.01377954657e+16,-5.850377643e+15,-20.2065976536,90.6531166827,11.3654356112
4.67914438503e+29,6.1241434724e+16,-9.65582975746e+16,-5.39335549981e+16,-97.1001308037,69.7967569771,14.2836315522
4.67914438503e+29,-9.85014631065e+15,7.80467749016e+16,-6.4195227152e+16,-71.6527700783,-72.6891899678,168.544588145
4.67914438503e+29,5.03697977321e+16,1.38513637523e+15,1.00921089121e+16,-233.447855532,141.842428211,-125.731639102
4.67914438503e+29,-3.35049798686e+16,1.27922728754e+17,4.49400904382e+16,-1.24543693413,-9.28565156274,25.1490031477
4.67914438503e+29,4.5921270172e+16,4.24444789675e+16,2.15362849281e+17,-19.702258015,-31.4737099299,16.109804558
4.67914438503e+29,-4.06403123435e+14,5.32888213004e+15,-9.36083206342e+15,538.544183079,-43.6680282116,-19.938725217
4.67914438503e+29,-1.62921995439e+16,2.88947584491e+16,2.19949144342e+16,-356.106049993,-68.0236438302,-27.9964933981
4.67914438503e+29,1.44396726493e+16,-1.17908453353e+17,1.07754277136e+17,-83.1011272413,31.5403380811,21.8210997775
4.67914438503e+29,-5.67947829487e+16,1.43955594425e+17,-4.21558503378e+16,60.178790162,28.6063056505,-22.9135921707
4.67914438503e+29,-4.40548683328e+16,-3.38914743978e+16,3.75274566361e+16,-283.020600068,7.13601126173,371.572696614
4.67914438503e+29,1.45790308847e+16,2.56948190429e+16,8.21976848905e+15,312.741604008,138.221482046,-434.639296635
4.67914438503e+29,2.84943946413e+16,4.38400654168e+16,-6.96453951477e+16,-18.9755290512,182.098860246,-128.798426404
4.67914438503e+29,-2.58137971065e+16,-1.63516610164e+16,-4.71939960028e+16,274.655472351,147.148361193,146.958353594
4.67914438503e+29,-2.95985238627e+16,3.10635273682e+16,5.53347767967e+16,-31.2454188896,4.27283691565,-246.432045556
4.67914438503e+29,-1.51135476727e+15,6.12376240115e+15,-1.76257313233e+15,417.915977739,39.8245025293,-623.245117717
4.67914438503e+29,2.36846727031e+16,-9.53541260602e+15,-2.4953488107e+13,69.6516839729,116.713130945,-247.309697839
4.67914438503e+29,-7.86362279704e+16,4.19693119101e+16,-5.15791929168e+16,101.476697216,120.497467695,127.802951225
4.67914438503e+29,9.97687270333e+16,4.7166231023e+16,9.23126871807e+15,-12.8723828559,127.746053378,-139.259675175
4.67914438503e+29,-7.3564860753e+15,6.07935807661e+16,-6.39879192456e+15,230.822191133,-15.0284879038,406.200993076
4.67914438503e+29,-8.16333487516e+16,9.11825980633e+16,2.10582749305e+17,-39.5654541548,39.3269066456,-29.3576473245
4.67914438503e+29,-2.16918319586e+16,-3.38281891011e+16,8.66263249781e+15,251.379502755,-327.342851685,-99.6112884691
4.67914438503e+29,-4.87258340179e+16,-4.7319469376e+16,3.67504892472e+15,173.318531138,305.278635026,-32.5000475994
4.67914438503e+29,6.2425359413e+16,3.53146978353e+16,-1.86340254945e+16,168.13679722,-3.56263041855,178.526382264
4.67914438503e+29,6.22973774007e+16,2.06967828479e+17,1.26922448365e+17,-12.8442703194,-4.19563762894,21.8818015247
4.67914438503e+29,2.47921607399e+16,-2.17211525717e+15,-5.00693919808e+15,324.174811742,294.439152898,291.970315867
4.67914438503e+29,-1.90168703462e+16,-1.84792110015e+16,2.0355859825e+15,67.2465433049,-162.978536956,-304.850162681
4.67914438503e+29,-3.17793301168e+16,-5.90110496366e+15,-6.07117570479e+16,67.7009858843,196.252420515,59.8269530672
4.67914438503e+29,-1.36902644161e+17,5.99936888671e+15,-1.60587334319e+16,127.29382005,19.7190478658,86.0926056585
4.67914438503e+29,6.63447820111e+16,3.28822866046e+16,4.05371534076e+15,86.3643329247,282.038340674,-140.542952438
4.67914438503e+29,1.22922946827e+17,-1.65294025299e+16,1.14584683629e+17,28.623474304,20.7143652825,38.4676868494
4.67914438503e+29,-1.06613373869e+17,1.65946166642e+17,-2.46840118209e+16,21.8575937356,13.3032334438,-60.0139438894
4.67914438503e+29,1.49610946082e+17,-1.269183682e+17,6.70367464651e+16,6.73737708931,-9.92634423113,57.894765892
4.67914438503e+29,-4.36270714335e+16,3.5777245952e+15,1.48535685845e+14,164.795813811,220.513844457,16.497106555
4.67914438503e+29,-5.53825985482e+16,1.40750853097e+16,-7.15671116988e+15,-12.3541056787,126.289589924,-262.606728878
4.67914438503e+29,-2.24035706606e+16,5.63170489889e+16,-7.57433890431e+16,47.8893609815,-51.855546651,-48.5746100619
4.67914438503e+29,-1.84546026006e+15,-4.24007493308e+16,-1.57123747605e+17,-23.1151867548,80.3046806117,23.2846856663
4.67914438503e+29,2.70983219203e+16,2.09313235618e+16,3.38554014279e+16,-32.6877851807,-19.3690783452,76.1207280758
4.67914438503e+29,4.56784794285e+16,8.40852050331e+14,-2.6899426726e+16,-182.39596493,49.0579615807,-165.245419894
4.67914438503e+29,1.59955164593e+16,3.87251260599e+16,6.09967817354e+16,325.305165448,258.553184825,66.5120912069
4.67914438503e+29,-2.18596749763e+17,-2.08134447521e+17,-1.21470297984e+17,-15.1241996933,39.2889123436,-3.55060744616
4.67914438503e+29,9.16717386037e+16,-2.98974352909e+16,1.26722465936e+17,-33.5889082831,58.7544732604,-55.6265821189
4.67914438503e+29,7.06714689383e+17,-5.86315590465e+17,-1.92045707877e+16,-5.88438960534,32.9116094645,4.61298676243
4.67914438503e+29,5.1683350544e+16,-3.46531435335e+17,2.41848707935e+17,-18.6476849041,43.8970855649,-2.99047680997
4.67914438503e+29,-3.479215229e+16,5.96891833145e+16,-5.64812619389e+16,-66.6924044636,76.3574770451,-28.3113765935
4.67914438503e+29,-6.83629279379e+16,4.11542501988e+16,3.43951617144e+16,-91.1293135966,107.85494064,200.201810726
4.67914438503e+29,4.93830464757e+16,1.63247273717e+15,6.66031771058e+16,-224.400576512,-126.943519605,-139.261334888
4.67914438503e+29,2.97729880892e+16,-7.20778710769e+15,-1.24229195629e+17,-102.805259519,-23.5799126775,129.638715073
4.67914438503e+29,-3.46083021423e+16,-8.45879670012e+16,-6.49722818655e+16,-134.014622674,-163.578935013,72.9837306905
4.67914438503e+29,1.30553056626e+17,4.72757621303e+16,-2.39768817428e+16,3.56898391862,-48.7636368731,11.3252232251
4.67914438503e+29,-3.38375257415e+16,-3.91467924497e+16,-4.12212568064e+15,-65.9005980476,-282.549644715,-250.973058929
4.67914438503e+29,8.88969053884e+16,-4.04693987587e+16,-2.52188560656e+16,11.6026553451,22.6113389689,-4.99047093848
4.67914438503e+29,2.23100669679e+16,-2.24500773864e+14,-2.37404641009e+16,-32.8047082413,-326.501107162,71.6487265144
4.67914438503e+29,-3.50003971296e+15,5.67294279319e+13,-1.79967344983e+16,170.526854864,174.468120905,359.41780941
4.67914438503e+29,2.11053337787e+18,-1.07855045829e+18,5.34917855726e+17,-9.85085216049,30.9083061893,6.02648769632
4.67914438503e+29,7.05587294472e+15,-1.25437428117e+16,-1.53916407932e+16,319.060542689,-108.658795778,-207.259281586
4.67914438503e+29,4.65221007343e+16,-2.21443643603e+16,-3.14831871339e+15,105.481520239,268.728769563,212.161592083
4.67914438503e+29,-5.52902128614e+16,-5.93507487446e+16,-5.19943446194e+16,-53.0851949028,47.6638660946,-31.2786897063
4.67914438503e+29,2.3442784497e+14,2.0392900839e+16,-3.09640900043e+14,230.356155833,474.037731078,218.474090731
4.67914438503e+29,6.6980033221e+15,6.31928682585e+16,-7.3302815028e+16,-162.022753423,59.1087613002,-59.2195535312
4.67914438503e+29,2.98447555291e+16,-8.18694012649e+16,3.92612072165e+16,140.673530837,-5.63594146004,56.5549004897
4.67914438503e+29,1.16657415137e+17,-4.32183209e+17,-1.60088866957e+17,1.48379430864,27.0276703652,4.03293023938
4.67914438503e+29,4.14948501839e+16,-1.83735428858e+16,5.51193809409e+16,-21.0774321663,-128.31831969,118.35903279
4.67914438503e+29,-1.30172504592e+16,4.19084181174e+16,-3.55991720429e+15,-308.943825707,346.661678436,-345.297695286
4.67914438503e+29,-2.49433276955e+14,-2.07217152378e+17,-9.13215255119e+16,-30.9261737984,32.3313666361,-4.96771156172
4.67914438503e+29,-2.22970255176e+16,-4.78238537634e+16,1.53162286622e+17,54.0663888142,6.1907725765,25.2248910835
4.67914438503e+29,1.74579385297e+17,1.01050668094e+17,-2.42972875738e+17,-16.5873474012,30.4487342147,5.60285531316
4.67914438503e+29,-3.1296182224e+16,2.18326456025e+16,-5.22319846644e+15,-329.252083122,-393.033842659,59.7616602297
4.67914438503e+29,-1.03463844861e+17,-4.68647227264e+16,-1.07693213836e+17,20.1430434004,60.9194520057,41.2155748411
4.67914438503e+29,1.87383831354e+16,4.74899711458e+15,3.73165764525e+16,-381.4634995,-48.2771738284,287.29349424
4.67914438503e+29,1.64153358914e+16,-1.49030763123e+16,-5.05090430793e+14,453.877363688,100.334057523,546.020877265
4.67914438503e+29,-8.37100171967e+15,6.30788966836e+16,-3.26694860878e+16,38.1556283731,77.4573780126,-190.517694877
4.67914438503e+29,-1.10280388798e+16,1.42480078675e+16,2.9683721855e+16,-234.08145442,476.953132664,77.6852919906
4.67914438503e+29,-1.21148400952e+16,-1.95503125028e+16,-3.42073117349e+14,-138.503574902,-101.384370335,101.306848489
4.67914438503e+29,2.43924573022e+16,-3.90966824968e+16,-2.95482865647e+16,-538.153833609,64.7463144279,73.9396122098
4.67914438503e+29,1.25274407577e+16,1.63802858201e+16,-1.98296185287e+16,-458.658165472,-112.119259236,169.390801818
4.67914438503e+29,2.32892498796e+16,1.70770889759e+16,-2.02672713165e+16,265.438577862,-401.489759095,147.309650032
4.67914438503e+29,-1.58230563485e+16,3.20125382945e+16,3.25196035323e+16,-162.866369656,49.0911895897,-293.821928478
4.67914438503e+29,2.3276567439e+16,2.47961509504e+16,-2.43144240279e+16,-298.162276366,220.592082747,255.944261062
4.67914438503e+29,3.99346604922e+16,-2.50589738131e+16,4.79517667245e+16,127.210765499,25.5007519691,-171.16230867
4.67914438503e+29,-1.13612949732e+17,5.3194488715e+16,5.04802934536e+16,67.8085915686,64.5525614636,87.769524182
4.67914438503e+29,-2.22575901459e+16,-5.17534328295e+16,-1.31864401351e+14,51.0881535803,-148.514762185,-25.657620884
4.67914438503e+29,4.7633368431e+16,2.72974200253e+15,-1.79190762675e+16,52.0594795338,-193.406333156,-15.8674377212
4.67914438503e+29,-1.79693612788e+17,1.36857868811e+17,-3.18547091528e+17,-21.492150758,34.0014195655,7.65220261025
4.67914438503e+29,4.88202557889e+14,3.16543777881e+16,-1.53545598049e+16,451.230464685,-647.02826764,35.146970628
4.67914438503e+29,-3.34578116291e+16,-4.37470141206e+16,4.61891198923e+17,-5.99760421232,38.7171914349,10.5470576672
4.67914438503e+29,5.9261560892e+16,-3.85600034201e+15,-2.61503222841e+16,-105.482254302,-5.45669296026,-117.512666291
4.67914438503e+29,6.86125159266e+16,2.79171234331e+14,3.80924659413e+16,-237.235273767,-153.594914958,103.115175866
4.67914438503e+29,-4.79905109288e+16,4.3753974713e+16,-1.47234625148e+16,443.467703071,-51.7403368095,-60.5242326382
4.67914438503e+29,3.60376908115e+16,8.24756264017e+15,-3.45756524881e+15,-246.014508436,-11.7969371782,5.24157104593
4.67914438503e+29,3.01983479104e+16,-2.94363523977e+16,-2.56263995819e+16,127.179411963,334.970936633,-12.6479595545
4.67914438503e+29,5.0173601829e+16,6.96336612524e+16,9.64369774497e+16,-4.26883481171,132.295939662,-64.8835003747
4.67914438503e+29,2.66602985179e+16,-2.6355103021e+17,-6.81806168303e+16,-16.5768204752,41.6942735433,-19.8046455304
4.67914438503e+29,9.4112089817e+15,4.70700716256e+16,-3.6883055673e+16,-164.474488581,-180.384920178,37.663600613
4.67914438503e+29,-8.11322985018e+15,-8.80702510574e+15,-2.54856991029e+16,90.1805721989,166.332949264,310.292459395
4.67914438503e+29,-4.49662571735e+17,3.49444576151e+16,9.65041075916e+17,-10.9292405065,31.4658328755,7.12823957731
4.67914438503e+29,-4.32323533596e+16,2.34130603049e+16,2.8636017501e+16,303.154666769,159.746421498,-453.392506936
4.67914438503e+29,1.09534645364e+17,1.56477260147e+17,8.27422911271e+15,-47.2985279588,26.3571300378,-15.9280941745
4.67914438503e+29,1.79504973104e+17,-1.3150872981e+17,1.46697988285e+17,28.1248221605,46.8885938811,0.657163622063
4.67914438503e+29,2.16051868581e+16,1.86435870933e+16,-6.6870967914e+16,-215.7016232,110.30001017,77.44046943
4.67914438503e+29,5.20161647875e+14,-1.66447089458e+16,-4.89356846271e+16,75.350590199,-53.8913453391,32.1855129423
4.67914438503e+29,9.14313082996e+16,-3.9172987193e+16,-5.57837997817e+16,124.033596207,213.60796643,-8.39016752187
4.67914438503e+29,6.60707662625e+16,6.02124714089e+16,4.9758646536e+15,-262.396390431,130.436266636,-28.0975578097
4.67914438503e+29,1.98120086386e+16,-1.0050651234e+16,-4.95966165581e+16,218.834088473,123.826868419,-290.902381548
4.67914438503e+29,-6.99856933429e+16,4.97701567928e+16,1.22461237882e+16,86.7730225629,-12.8946793233,47.3053331122
4.67914438503e+29,-7.75529275185e+16,-9.24787474361e+16,-7.43964175926e+16,-39.6603218355,-8.01733430503,-43.8855128734
4.67914438503e+29,1.27161876382e+16,1.52399834312e+16,2.12715604688e+16,384.997709584,-49.4837000128,-265.164471501
4.67914438503e+29,-5.04043916236e+16,4.31480896391e+14,2.68038556206e+16,27.5184532617,34.4116759123,83.4486003518
4.67914438503e+29,2.60067077836e+16,-2.00024026824e+17,5.14128224127e+15,-40.7815076024,-18.1956645677,17.0295211937
4.67914438503e+29,-8.40483372463e+15,4.22877834013e+16,-3.76546072939e+16,-71.3150887619,31.9334151756,-63.6861392625
4.67914438503e+29,3.93082863041e+16,-3.26228488531e+16,-1.24344235499e+16,-244.234242038,173.638823034,154.954077695
4.67914438503e+29,8.12506887783e+16,3.80901148469e+16,2.37143666296e+17,16.458435847,14.6169877531,26.2462819937
4.67914438503e+29,7.200751949e+16,5.88671710622e+16,-6.76988325819e+16,-2.02669718393,-11.4848217324,-66.1933726833
4.67914438503e+29,1.36307876781e+16,-1.22940038979e+16,-8.44478912653e+15,-369.758101975,-267.225059285,-213.405470519
4.67914438503e+29,4.04175585919e+16,-1.91500778902e+16,2.30707525314e+16,163.883576106,-175.820755589,332.088121908
4.67914438503e+29,-6.54174633625e+16,4.45908738142e+16,-1.19548130227e+17,112.620943301,27.9030332854,-28.2020796852
4.67914438503e+29,1.07063739207e+16,-7.92112210194e+16,3.21431080955e+16,239.018456025,-51.3579301095,-163.983414953
4.67914438503e+29,-1.06447817577e+17,1.72153092207e+16,-5.04489021237e+16,-121.367479314,-77.8290168589,-58.0990241124
4.67914438503e+29,-2.75712199519e+16,1.79837093676e+16,1.50785093025e+16,180.601590148,15.2727221191,-607.90085036
4.67914438503e+29,-3.42713545695e+17,-1.57392741672e+17,1.67258091355e+17,-11.0388136666,51.6573197121,3.13601925503
4.67914438503e+29,4.61405870236e+16,-1.28573448926e+16,3.43213840887e+15,234.956427616,325.99688259,105.962885793
4.67914438503e+29,-5.3307346389e+16,-6.54592969834e+16,-3.13568118613e+16,166.796453972,11.5777438513,116.485882228
4.67914438503e+29,1.76979591593e+16,8.39976539024e+16,-9.42638656389e+16,22.310227805,-8.88018436465,166.390266768
4.67914438503e+29,1.23834424108e+17,-4.36589713114e+17,-3.7382851194e+17,-13.4156931276,30.5705843344,0.977095320269
4.67914438503e+29,3.34135115397e+15,1.13789493063e+16,-3.73112349333e+16,69.5637439417,-549.901024815,-127.702668384
4.67914438503e+29,8.11411271937e+16,-5.67235202443e+16,-8.37032335293e+16,-65.4201930775,-38.878688777,15.5722450212
4.67914438503e+29,9.14762445741e+16,-1.16329176845e+17,4.10843255755e+16,11.0489478984,91.9546148282,-61.2397745438
4.67914438503e+29,-2.35317831697e+16,1.63327248e+16,-2.1970096583e+16,202.261298093,-49.2033456495,166.391854738
4.67914438503e+29,4.26767798781e+16,4.13034146728e+14,-2.18678821491e+16,232.739043939,-53.56702938,232.753697422
4.67914438503e+29,2.70280039553e+17,8.43937379786e+16,-1.96074049874e+16,-0.718878709499,24.3862055394,-15.2476070597
4.67914438503e+29,-1.24770200652e+16,3.76782008119e+16,-9.96445307291e+15,281.218108005,545.997607761,15.0990599085
4.67914438503e+29,3.07627896586e+16,4.26803445545e+16,1.81129635989e+15,202.784977723,111.341606134,-113.254566551
4.67914438503e+29,2.6850111873e+16,1.87356159109e+16,-1.63464207404e+16,225.418059887,382.716247914,190.296956759
4.67914438503e+29,1.23936731761e+17,-1.11723227512e+16,1.79863771476e+16,-84.1648975046,85.0263631499,-23.0241999875
4.67914438503e+29,-1.51036103551e+16,-2.90559544615e+16,-2.23555222784e+16,418.311146997,-443.55338661,-322.371410322
4.67914438503e+29,1.80754418371e+16,-9.98124093755e+16,-1.18110129478e+17,-91.1844067525,-2.1748358042,102.54224907
4.67914438503e+29,-5.04454687179e+16,-1.42163096084e+16,4.03482622297e+15,-90.904764032,-56.7255770133,58.167526771
4.67914438503e+29,-8.7961804245e+15,4.60511796133e+15,-3.58089981992e+16,198.648817073,38.5891864971,264.265392379
4.67914438503e+29,-3.61967680701e+16,-5.37445983719e+16,9.98158914411e+15,110.46245865,-0.977317049824,211.504560034
4.67914438503e+29,-3.1230814288e+16,-1.24902074853e+16,-3.57196279268e+16,206.956502017,235.929613987,154.938081601
4.67914438503e+29,1.35121795972e+17,5.19329752736e+16,-3.14829245947e+16,76.130777515,45.9840649525,4.97962646746
4.67914438503e+29,1.91484830401e+16,-3.8444964958e+16,2.59889435112e+16,41.5701979309,65.8578302739,226.047961651
4.67914438503e+29,2.29214723377e+17,-1.69502593403e+17,-1.85550520496e+17,2.81281902287,16.2252801407,1.53884458113
4.67914438503e+29,-1.95789276873e+16,3.13377242878e+16,1.70275231683e+16,5.37591073586,2.61287478648,-488.105525269
4.67914438503e+29,2.86728110155e+16,6.82266617282e+16,-5.02053645167e+16,139.185471059,121.521307541,129.465895849
4.67914438503e+29,1.61827469634e+16,6.12328653969e+15,-1.76400929209e+16,33.0248581836,107.442979891,279.386283943
4.67914438503e+29,2.2985735763e+16,-2.8368592493e+16,8.25338801245e+15,90.5150608515,510.749898576,-438.273052123
4.67914438503e+29,3.73542174588e+16,2.8333029376e+16,7.07173995418e+16,-37.1215277743,-231.591761433,-53.4708935455
4.67914438503e+29,-8.76872024457e+16,-7.05702973543e+16,-2.38121306879e+17,-7.2161034599,48.0807349081,15.9069917791
4.67914438503e+29,-9.02801210395e+16,3.08539483611e+16,1.60722883516e+16,25.8692821845,7.15528519921,-170.236268295
4.67914438503e+29,1.2708631301e+17,1.267729867e+16,-9.97479540352e+15,24.5996739128,108.609788851,-43.8522250169
4.67914438503e+29,1.07979015893e+16,-2.577360157e+16,1.54500849604e+16,-259.093649241,64.8153053415,-487.918391202
4.67914438503e+29,-1.3848820991e+17,-1.15033401595e+17,-2.39885978697e+17,2.21048175736,20.1003951343,30.2834646324
4.67914438503e+29,2.20082897339e+16,8.17860205385e+15,-1.51937345848e+16,223.18429419,-274.557885567,-212.97363479
4.67914438503e+29,9.9821894463e+15,3.59102986697e+16,1.06587294328e+17,-231.267424795,-54.064156609,-9.62409456026
4.67914438503e+29,-8.57584051271e+16,1.30707208529e+17,-7.39803310767e+15,-78.5364353199,-54.8350763718,32.3188844162
4.67914438503e+29,-7.71401059595e+16,-3.05338364371e+16,-7.02802111111e+16,-151.406552323,98.0856409193,-119.726947209
4.67914438503e+29,-2.20685421722e+16,2.84404657344e+16,5.74642152859e+16,-141.650840429,-129.334707715,-103.263750302
4.67914438503e+29,5.58467030016e+16,1.19413645119e+17,-1.30299747305e+16,-56.2831066692,-57.7769373189,12.2843237866
4.67914438503e+29,-5.80266720172e+16,-1.60180170129e+17,1.45862304325e+17,26.4798384645,2.48480711752,50.9031817072
4.67914438503e+29,-7.14019236579e+13,4.71248797082e+16,-8.26514437815e+16,157.075604797,-113.777639214,58.4157552879
4.67914438503e+29,-1.91556652085e+15,1.26327494198e+17,4.09826063513e+16,-51.5264255417,-30.857601158,1.21819968344
4.67914438503e+29,2.64389804203e+16,1.45495326093e+16,3.15407544305e+16,-38.0662513848,59.7027230439,-378.65995117
4.67914438503e+29,2.0385524065e+16,-2.59950544102e+16,-1.61413052295e+17,-19.8362747298,8.96753856364,61.1124751926
4.67914438503e+29,-3.38782894161e+16,-8.17863680689e+15,3.59702712543e+16,-280.352029233,132.507598544,29.1358089222
4.67914438503e+29,-1.66197874273e+17,7.88313998431e+16,1.31981673883e+15,-75.4029060808,101.862440816,38.1717456315
4.67914438503e+29,6.07353852741e+15,3.17422530329e+16,-8.95090470029e+15,147.641703847,164.065844234,14.0207584762
4.67914438503e+29,1.29882404016e+16,-1.58174233839e+16,-7.11774116431e+15,-200.620941414,-350.55881489,104.391176121
4.67914438503e+29,4.47095780877e+15,4.01847874219e+16,5.3245920881e+14,380.534329992,-413.075824129,-132.084005282
4.67914438503e+29,-3.28961465658e+16,5.31585586142e+16,-9.13207533542e+16,35.3021769111,142.420215505,45.2071179718
4.67914438503e+29,-4.03300212312e+15,4.02033853671e+16,1.85682458331e+16,342.466510693,417.089979941,-116.173734944
4.67914438503e+29,-9.24545282187e+16,6.02947773614e+16,-2.7341436297e+17,21.3150344624,35.0633549058,30.2137362242
4.67914438503e+29,4.71961317453e+16,3.19844919018e+16,-6.74311297816e+16,-141.115634703,-73.8659590331,15.8744454686
4.67914438503e+29,-4.2119079423e+16,3.05510482904e+16,-1.49832065091e+16,-275.133414067,207.836005897,178.433592055
4.67914438503e+29,-5.92830892401e+15,6.16444388449e+15,1.32468874258e+16,-221.149818618,-210.122810043,309.807710095
4.67914438503e+29,2.04507120285e+16,2.64313044452e+16,8.28121036355e+16,26.6581538008,185.446746844,-159.675818837
4.67914438503e+29,-3.19713222416e+16,9.71432232599e+15,5.1488559628e+16,-97.4843435493,-110.552345603,194.496329471
4.67914438503e+29,-3.42823403852e+16,6.34378263105e+16,1.18827624545e+16,-9.82278575144,119.358076707,5.85738149139
4.67914438503e+29,-1.40833820829e+17,-5.88382602521e+16,-2.40977870557e+16,-68.228981806,-6.67982925027,-22.6955461524
4.67914438503e+29,1.52326193394e+16,-2.67181005658e+16,-2.3545462446e+16,78.8452685188,-362.564167893,196.805730475
4.67914438503e+29,-5.12016251332e+16,2.16989455164e+16,5.82865148514e+16,-170.306915166,-3.97078140154,215.472245716
4.67914438503e+29,-8.89620098498e+16,-2.56943907108e+16,8.56342964702e+16,39.6088661593,28.52045567,-106.215289839
4.67914438503e+29,6.18537167015e+16,-2.17515600609e+16,3.59913315705e+15,178.361443995,205.49622867,-101.87411391
4.67914438503e+29,-2.7905848857e+16,4.79147899704e+16,6.60551357263e+16,12.0225594316,-121.845270617,218.311750217
4.67914438503e+29,-9.5304800446e+16,-3.50359544448e+16,8.49456342668e+16,80.3281523217,-105.605848147,1.70256061588
4.67914438503e+29,5.32886371638e+16,7.22927142876e+16,-1.08785740179e+17,-97.0504892532,134.350806873,-79.9213402328
4.67914438503e+29,-8.44434399292e+16,6.92501783077e+16,-7.68422793571e+16,-154.7471196,119.764210784,77.0655079553
4.67914438503e+29,6.011150899e+16,5.81221367771e+16,-3.14174440629e+16,-177.817742452,134.750113357,148.964648299
4.67914438503e+29,-2.19812861965e+16,1.23944675794e+17,8.64013922633e+13,-136.490763364,14.0332251674,-4.57481608297
4.67914438503e+29,-5.13834083913e+16,-1.96517940237e+16,5.17687824962e+16,130.660782086,30.6175065679,186.847312992
4.67914438503e+29,-3.0189081109e+16,-1.68910803232e+17,1.6877776129e+16,-50.9551318527,46.2185205749,-80.3256724682
4.67914438503e+29,2.56360718975e+16,5.95853216567e+15,-2.0824597785e+16,-133.760288843,-454.298647714,-173.743343892
4.67914438503e+29,-5.68927905107e+16,-4.15223442852e+16,1.42060618571e+16,-8.95667174921,-355.56809404,-21.5402938317
4.67914438503e+29,6.56095650972e+16,-5.51760564573e+16,-3.43141714065e+15,17.6348938092,-91.76103023,39.0495866751
4.67914438503e+29,4.14805772953e+15,-1.23327704271e+17,1.78532773598e+17,-29.9888998471,29.0425407005,48.4180086893
4.67914438503e+29,-1.37995709865e+17,1.33953013198e+17,5.38826528582e+15,-28.7235714348,0.431003264888,70.376844995
4.67914438503e+29,2.53871133947e+17,-2.20066144171e+17,-1.29315340362e+16,-3.31483136221,49.3511764285,-3.59357479061
4.67914438503e+29,2.79311363505e+16,-1.2618669629e+17,7.65668195331e+16,-45.6270340041,31.2291253313,-22.6564935467
4.67914438503e+29,7.33638381395e+16,1.13821901337e+17,3.66077151753e+16,-11.0618997574,5.03112246712,0.365345744875
4.67914438503e+29,1.49296615746e+17,-2.97837204896e+17,-1.77533676456e+17,-9.36294854416,11.1987303807,10.4279166243
4.67914438503e+29,5.17682586412e+16,9.42642031535e+15,4.27979210009e+15,152.247499952,158.318702699,64.6118725952
4.67914438503e+29,1.48785020206e+16,1.62661825695e+17,4.98616237297e+16,-90.8266031582,19.9842858437,10.4412583672
4.67914438503e+29,5.8547899324e+16,6.44825375239e+16,3.44476348896e+16,50.3051310097,41.1907976284,135.516480097
4.67914438503e+29,5.46248987449e+17,-3.287938602e+17,-1.49555424513e+16,-5.62499464848,30.8110267472,7.0221027769
4.67914438503e+29,5.21182121076e+16,-1.01478056334e+15,1.12165583123e+17,105.431194231,-7.22497983489,24.0228286701
4.67914438503e+29,-1.43095696195e+17,3.43995861593e+17,9.43018842795e+16,-8.37040131203,27.042721139,2.72170964464
4.67914438503e+29,-3.22366419819e+17,-5.74919034063e+16,1.87414695302e+17,-2.26933192055,38.379309166,12.0145008604
4.67914438503e+29,2.09015078906e+16,2.37474801115e+16,-1.68023975852e+16,216.420568773,-406.43861113,191.435896604
4.67914438503e+29,7.57278809328e+16,-1.20386844611e+17,2.67685525775e+16,-57.9349017041,119.535844918,-86.8166219446
4.67914438503e+29,2.06014586211e+16,-8.81311780838e+16,5.66883537705e+16,-71.7229184135,87.3026893951,48.4306912617
4.67914438503e+29,-1.25250326756e+16,-8.64526017341e+16,9.79643334361e+15,6.47265477345,213.751473343,112.41193237
4.67914438503e+29,-7.27337962325e+16,8.36143186489e+16,1.15938767206e+17,74.3108388177,-18.2418545526,10.4454078258
4.67914438503e+29,-1.61147785565e+16,-1.54654311868e+16,6.9565556158e+16,-190.247471869,259.324654762,37.6931409593
4.67914438503e+29,3.50873501977e+16,-1.1487790693e+16,2.99999959584e+16,39.1517748498,-38.9928244581,270.190804931
4.67914438503e+29,-4.14378648707e+16,-1.69243111958e+16,3.28150706641e+16,-128.431027716,-281.070110901,64.216534211
4.67914438503e+29,2.76851921085e+15,1.61068603895e+16,-2.46622536736e+16,-117.675232301,666.633044747,386.08772914
