4e+32,-1.0327738886e+14,2.09310186761e+15,-5.05003409099e+15,35.9977675023,-17.6529250504,-6.96953290322
9.35828877005e+29,-4.8927953504e+16,3.56443091411e+16,4.32329336431e+16,203.355531445,-87.3812053535,-224.154050292
9.35828877005e+29,7.13256042071e+16,-3.43522610691e+16,-1.93942304158e+16,102.895264362,-267.498421787,-108.006003541
9.35828877005e+29,1.95636590154e+17,-9.53776037606e+16,9.70153874575e+14,-5.78239676708,44.0297188298,-22.4600068091
9.35828877005e+29,-5.94660244348e+16,-3.48709800374e+15,3.23987745588e+16,-72.5694565704,171.454991781,129.169454306
9.35828877005e+29,-1.09861554999e+16,-1.39077897503e+17,6.38293846498e+15,82.0772730687,42.1935094129,-60.5026320359
9.35828877005e+29,7.12778043392e+16,-8.31183118653e+16,6.956244167e+16,-62.1335750174,-39.8400805573,86.4122527744
9.35828877005e+29,5.51544189331e+16,-1.04150411893e+16,-1.99442871281e+16,-120.171125992,175.209671122,447.864745464
9.35828877005e+29,2.28501630345e+16,8.42250271327e+16,7.97289989247e+16,-47.7997876046,84.4684061823,-55.1948231975
9.35828877005e+29,3.66913059406e+16,1.28084156119e+17,-1.06199350549e+17,7.47809589472,-20.1144108811,-26.4364974558
9.35828877005e+29,2.17135858105e+17,1.70002882908e+17,1.61924212835e+17,-42.9065791993,24.8407924416,-7.42186046279
9.35828877005e+29,-2.58574596558e+16,-1.19668717922e+16,3.34675995716e+16,15.6449310716,404.117341318,-219.533946571
9.35828877005e+29,2.3557828104e+16,-1.32945483121e+16,1.35814573767e+16,-372.57026614,-479.950861088,-59.4309537284
9.35828877005e+29,-5.64571571522e+16,3.27825873806e+16,1.06951342715e+17,-29.0231676257,-77.1132221063,-138.397450683
9.35828877005e+29,9.54250981507e+15,-2.54738342453e+16,3.65065681597e+16,-90.670763249,-105.353423817,232.756991695
9.35828877005e+29,2.40307245299e+16,2.2947798148e+16,1.51330259174e+16,-307.283054485,8.32177141097,327.955761053
9.35828877005e+29,3.37079956854e+16,-1.65308230577e+16,-4.38256123876e+15,254.266301313,519.502860179,284.716974149
9.35828877005e+29,5.11150691079e+16,4.50340526997e+16,-2.63807189333e+16,29.0633602297,25.7653791276,108.552805377
9.35828877005e+29,7.04987401427e+15,-1.22615599401e+16,-9.97892658604e+16,-135.866546282,72.1058150832,-39.1596193744
9.35828877005e+29,-9.32108486609e+16,5.57159255628e+16,1.33088669908e+17,-76.3510341202,-10.7868321115,59.8436423561
9.35828877005e+29,-9.76125715533e+14,-4.23318196452e+16,7.21864405616e+16,-186.336377235,-3.47725725062,-116.862686044
9.35828877005e+29,-2.02482152192e+15,-7.51765694357e+16,-1.12340176882e+16,-185.989178755,-4.78258124692,91.6420160407
9.35828877005e+29,3.43418811512e+16,-8.1661345472e+15,3.67287144673e+15,-33.3759340375,-401.782196586,-9.04725694383
9.35828877005e+29,1.87627795547e+16,-3.67874350931e+16,1.79489516862e+16,-280.299442249,137.57578516,-215.15632019
9.35828877005e+29,4.43711216299e+16,-1.49610356164e+16,1.37038115606e+16,152.391914993,-47.8125858086,-12.3253287934
9.35828877005e+29,6.58000974336e+16,8.83382881486e+16,-5.8050258674e+16,-6.87751673769,-40.7169488251,-26.0239731434
9.35828877005e+29,-1.27190682281e+17,6.80245566619e+16,7.02524153755e+16,33.1382804671,-46.4741504106,3.5166016103
9.35828877005e+29,-1.03519961597e+17,-2.11044770528e+16,9.01544844537e+16,13.4173537227,11.5875120207,44.9631091398
9.35828877005e+29,1.46895990218e+17,2.84707445507e+16,-2.47370899792e+16,-84.4854111755,-19.8301964587,-10.9230943737
9.35828877005e+29,2.06928846375e+16,-2.30938874491e+16,-2.40700358741e+16,-364.212680958,-23.3581049842,45.2991750612
9.35828877005e+29,-1.56974448524e+16,1.02926892398e+17,-4.32063754679e+16,-35.2485938589,-72.8519154058,59.7129949356
9.35828877005e+29,1.05714351798e+17,-2.09129906467e+16,2.68638928112e+16,-12.8930967818,94.4889504865,36.3402071713
9.35828877005e+29,-8.06627121986e+15,-1.08637909755e+16,2.70523722452e+16,50.8281334,169.534516342,17.0547906893
9.35828877005e+29,9.01058113007e+15,-6.84813770784e+16,3.3553387964e+16,-16.4785972801,-85.1525377647,61.7586686407
9.35828877005e+29,4.67765118525e+17,4.2960503141e+17,1.07127468199e+17,-31.9581206652,17.031200274,-2.69516299448
9.35828877005e+29,-4.71730664336e+16,7.7580356741e+15,7.78307965254e+16,105.710841263,-75.4970145604,-11.9419616571
9.35828877005e+29,-3.0017537563e+16,5.69132704591e+16,2.98719226427e+16,130.238902579,-98.2657424341,-168.37529412
9.35828877005e+29,-4.02474298795e+15,-1.99401782941e+16,-8.33778855192e+15,-414.648606399,368.828252297,-418.972518459
9.35828877005e+29,3.64436470638e+16,1.73757731611e+16,3.15384781552e+16,-27.5006959106,268.813947093,213.988558764
9.35828877005e+29,5.43210746625e+16,2.4201317156e+15,8.62516678303e+16,-131.32371164,34.1709900489,127.350423132
9.35828877005e+29,2.0200200573e+16,-4.47701812879e+16,-1.01187957265e+17,12.9055799534,-19.0942872338,-42.2032512616
9.35828877005e+29,1.13193366166e+17,1.75155796679e+17,-1.47291682458e+17,-16.8029907927,9.54790949368,-12.9883377976
9.35828877005e+29,3.96916230101e+17,2.59352278285e+17,-1.17194002933e+17,-24.2340313127,16.795526575,-2.14738190527
9.35828877005e+29,3.14237763867e+16,-9.12589992652e+15,-5.05162276522e+15,-152.880012689,24.8971662111,-222.214186781
9.35828877005e+29,-1.2200407846e+17,-5.61445103047e+16,1.05802126553e+17,-11.3190174172,-2.89576208657,76.9685167297
9.35828877005e+29,9.35184740268e+16,-4.41416389525e+15,-1.42335154408e+16,83.2716486489,-220.170109629,32.268115012
9.35828877005e+29,6.05381603663e+16,6.05722893624e+16,-1.09616015593e+16,24.1383753343,99.308094601,109.596053573
9.35828877005e+29,1.76692630123e+15,3.3965388121e+16,1.05425178313e+17,14.9918067799,-79.6272873963,102.586478213
9.35828877005e+29,-1.90073868754e+16,1.51705625834e+16,-3.37688047374e+16,169.543449528,326.501471428,-80.9530516187
9.35828877005e+29,-1.3493015092e+18,7.72823632938e+17,3.6364407245e+17,-25.8136210683,21.9835717248,-1.91042304328
9.35828877005e+29,1.24916399069e+16,-2.69061611631e+17,2.02461802309e+16,-32.940068422,57.4466018201,-21.669218135
9.35828877005e+29,-8.90341745017e+16,9.36291428615e+16,1.03679467165e+17,9.94938997817,36.4835245058,41.2583432446
9.35828877005e+29,1.9112097498e+16,-5.10257766539e+16,5.55303658262e+16,-26.5718056762,307.462191922,32.5542674327
9.35828877005e+29,-1.93788180493e+17,-6.35914188916e+16,-1.62846188759e+17,19.4657250739,10.7771146197,1.37134508561
9.35828877005e+29,1.41397655977e+16,-1.11262216356e+16,-3.3383659181e+16,322.469933308,355.298152148,320.796651602
9.35828877005e+29,-3.49600923704e+16,1.26600094444e+16,-1.11533491661e+16,-56.0013842961,-74.1555034945,26.3308845691
9.35828877005e+29,-2.54861552339e+16,9.41818959554e+16,-2.3119079435e+16,-99.2060732958,74.9384527655,-163.916879506
9.35828877005e+29,1.0311163038e+17,-2.35908388371e+16,5.96240779733e+16,-162.270078739,104.605347854,107.509027252
9.35828877005e+29,-3.30526366054e+16,1.33796980626e+16,1.22538601255e+16,-726.839382886,242.524732557,54.6921664749
9.35828877005e+29,5.21618216018e+16,2.69382525641e+16,-4.34461324001e+16,-50.0151722513,-76.465113814,-259.718130873
9.35828877005e+29,-2.51431728682e+16,5.31303329436e+16,3.74838380845e+16,-17.08559394,-375.292496389,157.773171155
9.35828877005e+29,3.33773152703e+15,-2.42449173619e+14,9.75615463216e+16,-12.9420689183,-44.4996310477,-19.5808613051
9.35828877005e+29,4.47933040427e+16,-5.04168115433e+16,-9.61452204778e+15,-255.9352236,-122.932913315,-80.5269698452
9.35828877005e+29,6.06720447244e+14,3.78842419823e+16,3.40568031242e+16,73.2511158081,39.0131511417,-46.0695451881
9.35828877005e+29,1.66782104662e+15,4.8899703682e+15,-5.18004682415e+16,63.3556761652,-44.2126175031,-248.438455863
9.35828877005e+29,3.61736646987e+16,-6.0681725915e+16,6.63283547171e+16,2.31660104901,30.0864808089,67.1623168473
9.35828877005e+29,-1.22337833585e+16,-2.85681335662e+15,-1.63207173961e+16,301.866636979,-536.105458584,21.8124775427
9.35828877005e+29,-2.3249897213e+16,1.18453788334e+17,-8.83031796685e+16,-20.7108473861,-131.62678591,14.1333249505
9.35828877005e+29,-2.16834995624e+15,1.75905107387e+16,5.6396549856e+16,184.835442196,83.0926245099,14.5945152628
9.35828877005e+29,-2.41587094825e+16,-5.20295232719e+16,1.0083585525e+17,105.111526343,125.408280519,-68.4447496199
9.35828877005e+29,8.40480418027e+16,-3.6908430217e+16,-2.55397822519e+16,-138.595564036,135.270926947,-84.3306603641
9.35828877005e+29,-3.63972168925e+16,-7.67776709818e+15,-1.10617365049e+17,-56.5324126023,43.4555209941,110.536042378
9.35828877005e+29,2.78069578792e+16,-1.70859057379e+16,-1.19717483763e+17,-66.9302724242,-87.2006095423,-92.5481737069
9.35828877005e+29,-1.01815749854e+16,1.33169764567e+16,2.09719340892e+16,426.120894361,-156.509165738,-60.0569296978
9.35828877005e+29,-7.30036521029e+16,1.1961494533e+17,-1.44716538245e+16,1.36105443624,-16.8770427889,-18.8193281641
9.35828877005e+29,-1.16280219931e+16,-4.90237155542e+16,7.59119841347e+15,-59.1655808013,-149.193420675,-84.0210406669
9.35828877005e+29,-2.24722483705e+16,9.79175585728e+15,-2.36570771341e+16,-95.6695248286,-477.966111661,282.207705381
9.35828877005e+29,-8.44652016566e+16,-8.62850531754e+16,1.9149074483e+16,-135.185603214,-94.7744718773,-81.0500271967
9.35828877005e+29,2.03234829284e+17,-3.45535019324e+17,-5.46752824515e+17,-27.9742258257,18.7156555961,-8.48622630215
9.35828877005e+29,4.36830823537e+16,-5.68179182272e+16,1.51816299374e+16,141.187485016,23.3609140248,52.443725408
9.35828877005e+29,-2.29987019933e+17,1.14491630878e+16,2.3329935438e+15,-45.4522787719,30.6659452882,-16.340683398
9.35828877005e+29,2.6785040496e+15,-4.99477212423e+16,-2.92811917592e+16,-129.660412358,-141.837725344,57.5354851681
9.35828877005e+29,-4.31293228158e+17,-9.13224950235e+16,-4.84264062083e+16,-30.9389394554,9.70679731336,-7.67219635849
9.35828877005e+29,-2.40017085713e+16,-1.04473982547e+17,4.17654989524e+16,-168.642769727,34.5472295081,48.3234739046
9.35828877005e+29,1.6029026374e+16,3.42008556607e+16,-2.0508802814e+16,375.747107266,-49.7519105916,-295.205864826
9.35828877005e+29,-1.23374046896e+17,-4.1460792542e+16,-2.30907691351e+16,-73.3629560172,-2.0085565838,170.611727454
9.35828877005e+29,-9.78094147931e+15,-1.5259375437e+17,-2.80896306441e+16,-99.0452118035,63.5642685375,42.5503135971
9.35828877005e+29,-3.47382199529e+14,-2.51733762413e+16,-4.87406343881e+16,-97.6267969116,110.542728584,-383.420136359
9.35828877005e+29,-2.89088881541e+16,1.32328810304e+16,2.37687224162e+16,-271.467243165,139.248750651,37.712576754
9.35828877005e+29,3.96201980999e+16,4.99225052516e+16,-5.02226792044e+16,83.1906125681,34.0131873034,190.955854044
9.35828877005e+29,4.04715661257e+16,3.34155799344e+16,-5.55548853697e+16,-127.846521462,225.074131309,235.373915187
9.35828877005e+29,-5.03051578177e+16,-1.0737273749e+16,2.34909894775e+16,21.4353992795,-14.3646052765,-148.160577643
9.35828877005e+29,5.7390308606e+16,1.51986045046e+17,3.7369897339e+16,-90.0381380411,-41.1426341489,85.1531244839
9.35828877005e+29,-9.50572246265e+16,-2.92723702129e+16,-1.21043276671e+17,22.7711044372,34.6349652695,-27.7971397352
9.35828877005e+29,-2.00892458509e+16,-2.19435775234e+16,6.42733468145e+15,-330.600020692,499.433693099,235.054200922
9.35828877005e+29,-3.23621919272e+16,5.55137490358e+16,1.462433777e+16,-244.695967226,198.262683908,-181.916503235
9.35828877005e+29,-2.22751115094e+16,-5.66697434826e+16,-3.00507516322e+16,-0.400951845569,248.121987885,-95.3777803013
9.35828877005e+29,-1.39148985909e+16,-6.60604097173e+16,1.50606172491e+16,179.766888645,-29.2817153891,-139.169684876
9.35828877005e+29,9.69948274736e+16,1.25843240726e+16,-3.72673851037e+16,-35.2854841375,114.577282295,-17.8883361422
9.35828877005e+29,2.62843788196e+16,7.32460843294e+16,3.00891830103e+16,176.30105012,-6.27656598687,30.7596963252
9.35828877005e+29,4.96641990655e+16,-1.27170688176e+16,3.30580477374e+16,107.765198141,109.212146241,-76.6118464866
9.35828877005e+29,3.22282695988e+16,9.83975426877e+15,-5.61074221995e+15,-69.4755698076,-395.496344395,-25.7384932181
9.35828877005e+29,-1.05710233247e+17,-9.53992993766e+16,-7.47158941396e+16,-34.0291866709,54.9084882901,13.1555538177
9.35828877005e+29,-4.82951466203e+16,-1.14849211824e+16,-1.26349189208e+16,220.039491698,-166.468688258,-347.376655623
9.35828877005e+29,-1.31008812104e+16,2.23394438747e+16,-2.68466744105e+16,271.934130508,-396.052673233,-195.548212909
9.35828877005e+29,2.16181551383e+16,7.47254414435e+15,-2.97052154057e+16,144.126732216,176.871248854,-512.999389131
9.35828877005e+29,-3.12125255803e+16,-8.42801995184e+15,3.09506286414e+16,234.2152388,-308.54288674,22.0224549461
9.35828877005e+29,-8.22036037971e+16,-1.50761073756e+16,-5.92442666005e+16,68.9790485911,54.1895551714,-73.3742275572
9.35828877005e+29,-2.26584517389e+16,-5.36998077358e+16,8.88556852758e+16,-82.6497525938,106.145020959,-21.8574636356
9.35828877005e+29,2.2367398091e+16,-9.06891977265e+16,1.06067075522e+17,42.362972265,104.557256496,35.8013963849
9.35828877005e+29,2.3352249221e+16,-5.27005971358e+15,4.24291178971e+16,-86.0066806942,-483.531068829,123.226303308
9.35828877005e+29,1.96311297553e+17,-1.2937645837e+17,1.97736439695e+17,-32.9689912364,9.53230272284,14.2121042221
9.35828877005e+29,-4.36608758462e+16,-7.6719750791e+16,1.50900230948e+16,-20.1712164881,59.5355279718,226.584417542
9.35828877005e+29,8.42048894219e+15,5.82627415433e+15,3.57403599749e+16,236.340419719,180.619813391,149.767215794
9.35828877005e+29,-7.28795352887e+16,-4.41709668793e+16,6.52865000318e+16,-244.466311641,153.33353802,5.96760138206
9.35828877005e+29,5.93677024958e+16,3.89964295252e+16,3.07016403119e+16,-200.216822205,-16.6500991281,-243.54213849
9.35828877005e+29,-4.43604599754e+16,1.54994001253e+17,7.42467561475e+16,13.7929349252,-8.45258454734,39.6270645593
9.35828877005e+29,-1.75015867648e+16,-1.30510178389e+16,2.78380980232e+15,-654.422769337,211.435839332,223.892403579
9.35828877005e+29,-6.15887869625e+15,5.62578624525e+16,-4.78602012261e+16,-149.390960116,220.397946463,239.065864246
9.35828877005e+29,5.4060189596e+16,8.91126156381e+16,-5.76671009369e+14,-87.2311821518,-159.575216835,71.4418407145
9.35828877005e+29,5.97441163691e+16,5.15049676943e+16,-3.15639232947e+16,-174.79458547,-33.1076674443,14.031520645
9.35828877005e+29,4.89834576311e+16,4.89324324814e+15,1.13245095319e+16,290.169227539,-185.437354677,-85.0710284827
9.35828877005e+29,-9.44641228125e+15,1.03806211972e+16,-2.02999553122e+16,514.957426664,-99.5066912136,40.8841407609
9.35828877005e+29,-2.1055043668e+16,-5.23517632634e+16,6.29722954155e+16,207.918290892,-74.6581760499,14.2103348334
9.35828877005e+29,-6.61037096394e+16,3.1104461329e+16,-9.29730770357e+15,-169.991425847,388.972321808,77.5295444385
9.35828877005e+29,1.64090042889e+15,-1.60822392203e+15,-1.72200615906e+16,124.918672623,728.778479652,197.589116358
9.35828877005e+29,-7.87385374125e+16,2.94199398457e+16,2.8547589548e+16,-12.2149925928,-124.641256344,63.4000806018
9.35828877005e+29,5.0833546133e+16,4.98425948213e+16,-2.35693804204e+15,-249.805318591,145.461898939,-32.6813858546
9.35828877005e+29,-4.29597207526e+16,-3.8859858921e+16,3.667252685e+16,-224.783897852,357.450057556,-134.24364782
9.35828877005e+29,1.35092206439e+16,2.2168114977e+16,7.06523747168e+16,-71.1050988031,60.3740637907,167.191181505
9.35828877005e+29,-1.83307474782e+16,-1.10906351817e+17,8.60282158757e+16,-42.7611817949,63.7647988755,-2.2728670181
9.35828877005e+29,-3.77192792334e+15,1.7432353081e+17,1.08978678846e+16,-20.6463974731,-53.8180736292,50.8722904152
9.35828877005e+29,-2.34675841748e+15,7.06390427199e+16,-2.55902326146e+16,-105.311960504,97.4838126093,-85.1389313185
9.35828877005e+29,9.84929291158e+15,-3.40155579753e+16,-3.45214767987e+16,464.93767869,99.4983851436,224.703735457
9.35828877005e+29,3.96080687343e+16,-1.88548086055e+17,-6.46285390133e+15,4.40501168737,-34.6398895066,0.130470058024
9.35828877005e+29,5.33070233615e+16,-4.55543653511e+16,-8.08251477562e+16,-218.834967477,22.3592795649,83.0309418853
9.35828877005e+29,-7.56530090786e+16,6.35989929868e+16,-7.33125090218e+16,39.6403805612,28.9626095813,29.6285481314
9.35828877005e+29,2.7178493291e+16,1.66846631215e+16,-2.13488285138e+16,-321.864573396,48.7705423015,-322.869945172
9.35828877005e+29,1.57036098635e+16,1.3808964054e+16,9.0792975928e+14,312.422063781,135.265241064,767.431779081
9.35828877005e+29,1.39592995566e+15,2.29809590846e+16,2.69977215922e+16,259.160350335,301.097152811,-114.967196919
9.35828877005e+29,-2.52055695116e+16,-4.73431710482e+16,-4.20985364421e+16,-247.954287045,235.125491288,9.08484339689
9.35828877005e+29,4.4958384082e+16,2.83963481162e+16,-2.90107165593e+16,-22.5222582389,93.5896345011,238.905355428
9.35828877005e+29,1.51760689794e+17,-4.59151731579e+16,9.61022754419e+16,-24.2494587194,40.7450599503,-61.5583527881
9.35828877005e+29,1.17970378743e+17,2.5096909066e+16,-2.55784817048e+17,-47.0132367245,26.7265011289,-13.4515831328
9.35828877005e+29,-3.31629787185e+16,-2.75710112302e+16,-4.53605624695e+16,-232.284704284,56.3097070614,-34.0516480908
9.35828877005e+29,-2.34672408665e+17,4.86310706689e+16,1.16017856673e+16,-65.1522680597,54.5454615488,1.30710898269
9.35828877005e+29,3.77750759957e+16,5.76514798445e+15,1.62024831104e+16,-218.34330783,159.426750634,166.41142962
9.35828877005e+29,5.22115159291e+16,3.60678404793e+16,-3.3900450417e+16,126.909255206,200.674375341,93.0116726032
9.35828877005e+29,-2.02695892635e+17,-3.68673772355e+17,1.67247092821e+17,-35.6513876089,17.7135041344,6.64566165838
9.35828877005e+29,1.92856976205e+17,-9.90123865176e+14,1.81593684492e+16,-21.8071400877,-20.1290309595,28.0356950214
9.35828877005e+29,-5.17195358526e+15,-9.84687663463e+14,9.91435488923e+14,-881.467133349,78.2537895571,-92.3742355709
9.35828877005e+29,-3.78943916558e+16,2.36292410495e+16,2.36691786214e+16,-154.514382336,-376.402928486,153.445672152
9.35828877005e+29,8.85399991539e+16,-1.50426310402e+16,1.21687711198e+16,121.322095431,176.972962248,34.6842348151
9.35828877005e+29,-2.32953157885e+16,1.29692467265e+16,3.89956292228e+16,-70.9359384043,-130.231489958,-3.51633485016
9.35828877005e+29,-3.65591491646e+16,-1.96528536277e+16,5.63941743994e+16,-190.041172454,110.0884816,168.023456234
9.35828877005e+29,1.56976300367e+16,2.10459358695e+16,-5.7819487386e+16,-195.382744862,313.535928057,-68.9237458578
9.35828877005e+29,6.25783231859e+15,-6.31366875091e+16,6.75580191926e+16,-15.0375190485,236.05748136,-108.878875092
9.35828877005e+29,2.295089295e+16,-9.99381889219e+15,1.83302671455e+16,-280.512877081,12.8908736326,-251.737112639
9.35828877005e+29,1.85331983262e+16,-5.0994699462e+16,-1.56735009699e+17,-67.5292323177,46.4600021387,-21.3931247058
9.35828877005e+29,2.10708992927e+16,-1.14212432983e+16,4.23628874553e+16,-182.926295252,49.0971007277,-194.098624882
9.35828877005e+29,3.63461118959e+16,-2.19198575584e+16,5.78800396771e+16,156.90520521,163.701339993,77.985266739
9.35828877005e+29,6.87649440428e+17,-2.88644450279e+17,1.66779791363e+16,-24.9784855828,21.4829013433,2.85201558974
9.35828877005e+29,-5.46718003494e+16,4.09881475749e+16,1.51477426851e+16,-89.4104542279,-61.0126524224,238.694007812
9.35828877005e+29,4.10531969691e+16,-8.01603692054e+16,1.38955504728e+16,-46.7694667465,-6.67547742443,-75.3120391461
9.35828877005e+29,4.23645306201e+16,-9.05368460536e+16,8.31130079026e+16,-12.737083532,-83.2993035344,53.2747768706
9.35828877005e+29,1.05751661619e+17,8.38014092585e+16,2.21456989932e+15,8.81015285747,109.904477784,-40.6007108005
9.35828877005e+29,3.66898837197e+16,-1.94934025016e+17,-1.36821197695e+16,25.3115491505,75.185449573,21.9330180889
9.35828877005e+29,-4.48028773838e+16,-3.69215702518e+16,-3.21311976336e+16,-415.642962586,100.888867584,313.829015647
9.35828877005e+29,-9.59550068343e+16,5.91081714112e+16,-8.58894049488e+16,14.8225842513,-32.9528355872,-57.4569002078
9.35828877005e+29,1.56632538948e+17,2.10290489576e+16,4.77263100732e+16,53.6991258356,-1.28882485416,31.1253538034
9.35828877005e+29,1.32442869706e+17,-8.77460632117e+16,5.44330616102e+16,-91.5429716276,70.1870527709,-41.003763051
9.35828877005e+29,5.6563688878e+16,-1.95206422157e+16,2.84803511617e+16,-207.856289161,-187.246697785,-14.6600873531
9.35828877005e+29,-1.36089991032e+16,2.58424167784e+16,-2.70434456602e+16,90.8177236326,-432.05899424,-20.001807568
9.35828877005e+29,2.39283933093e+16,-2.13109763604e+16,1.07454693493e+16,-27.3599632197,-253.476634146,-197.395983142
9.35828877005e+29,-2.60225446729e+16,9.65714621056e+16,7.07015529233e+16,-4.27435412259,121.124948395,37.8295340564
9.35828877005e+29,-3.50022154088e+16,3.42785510533e+16,-9.63218770196e+16,-59.3146202447,94.9416015157,-41.6727476034
9.35828877005e+29,5.75807589051e+16,-1.27927642355e+17,9.83584871553e+15,-42.4456028707,79.3544258999,45.6585606742
9.35828877005e+29,-2.58402734046e+16,9.89982844763e+16,4.76827994866e+16,113.470271485,91.7640818206,-31.9728085566
9.35828877005e+29,4.80737953542e+15,-3.00181010919e+16,-1.05817602718e+17,-52.3597501944,-186.500977747,81.9558222438
9.35828877005e+29,-1.36570830337e+16,-8.74494074604e+16,-1.1565801738e+17,-1.44061752864,-16.6242061359,112.962906288
9.35828877005e+29,3.50960448847e+15,-2.44218911901e+16,1.99398750777e+16,-331.971976804,424.293618923,-46.6149413165
9.35828877005e+29,1.02625361184e+16,8.98202224649e+16,1.7129663747e+17,-51.00442236,5.01489643022,-26.6667008474
9.35828877005e+29,-9.03014989577e+16,2.72704604054e+16,8.50066256416e+15,29.2594585264,-32.7794784021,222.243925383
9.35828877005e+29,3.06869438104e+16,1.94083177311e+17,4.9403100757e+16,-46.8846889255,34.7285936342,-61.8515208741
9.35828877005e+29,2.69663511307e+16,-4.65370380546e+16,-8.11839324645e+15,-13.8189099199,-278.990488756,213.256485039
9.35828877005e+29,-1.38773300224e+17,-4.52358021415e+17,9.50028545879e+16,-18.6802887238,22.7271897698,-16.9681716821
9.35828877005e+29,3.27731747066e+16,-4.30377745881e+16,7.37147413492e+16,73.0314683078,-57.4150439334,-29.3657099646
9.35828877005e+29,9.47006073953e+15,-1.15999921447e+16,-7.10801661884e+16,109.064420528,-139.236476385,273.761944633
9.35828877005e+29,-4.43505908023e+16,2.81409306075e+16,-3.48726844603e+16,5.31270387021,-58.0869445769,72.0093964651
9.35828877005e+29,-8.14447512313e+16,-2.47934226364e+16,2.24064821618e+16,-179.388613147,292.083491385,-100.219012836
9.35828877005e+29,-7.2788840567e+15,-1.42393305787e+15,2.84618913356e+17,-32.6369720335,16.8385764118,28.309724994
9.35828877005e+29,-6.56814067301e+16,1.21847730945e+16,6.58445629685e+16,61.7610837632,119.90269568,87.7407270655
9.35828877005e+29,-5.32374914762e+16,-4.76951900308e+16,-3.63696037696e+15,191.856515615,105.064867205,271.405709116
9.35828877005e+29,1.60399580639e+16,1.21774028348e+16,4.10218102361e+15,-446.73139398,366.96281969,48.43103395
9.35828877005e+29,-9.93976648131e+16,6.490603905e+15,-6.93563255147e+16,29.1684086462,77.5397097866,-142.795454354
9.35828877005e+29,-1.15914038608e+16,-1.0006889556e+16,-4.41161417562e+16,86.5573225018,184.246105629,274.847539734
9.35828877005e+29,-7.54287446028e+15,-3.50497150297e+16,2.2434042251e+16,-197.286972212,-484.155833625,158.384116984
9.35828877005e+29,-1.04018965456e+16,-5.09947010558e+14,-3.00847514933e+16,65.6601483272,-288.714103978,122.533147147
9.35828877005e+29,-6.22608653008e+16,2.37486958743e+16,2.09790445501e+15,331.542763983,-31.6234864127,-16.2880712795
9.35828877005e+29,-1.4414486786e+17,-3.68047046766e+16,1.53494954101e+17,-15.7739658208,45.7518274018,22.8524962151
9.35828877005e+29,4.98641289663e+16,1.89730567293e+16,5.74595335781e+16,-147.322146508,-126.155135128,-18.2389327756
9.35828877005e+29,3.96099990626e+14,-4.08122318293e+16,-3.33936023688e+16,19.6829205839,262.335067517,-57.1410878038
9.35828877005e+29,9.20653428256e+16,9.10217917388e+16,-9.50957268716e+16,-166.016103462,-19.7069048423,-3.69940553967
9.35828877005e+29,1.2365317352e+17,3.53141790821e+16,7.09058446367e+15,51.4316410672,74.9568333268,-80.4303240819
9.35828877005e+29,-6.43949553561e+16,-3.72981023331e+17,7.43732665761e+17,-29.8999649348,20.0939892249,-1.00384471187
9.35828877005e+29,-2.98828583834e+17,3.07499947633e+17,3.25328387979e+17,-21.7208430017,27.9492245051,-9.02409060732
9.35828877005e+29,6.77240000215e+16,2.82209367989e+17,5.04426277725e+16,-16.9943829632,29.4465795555,8.80534657671
9.35828877005e+29,-1.04760742199e+16,5.87513513145e+16,3.62570445544e+16,-273.931913881,-45.4013760656,-168.846872908
9.35828877005e+29,-2.21558511189e+17,1.82242028038e+17,-1.76867347457e+16,-25.6250042178,16.0125196062,-25.4675690813
9.35828877005e+29,3.75341622013e+16,-2.47967590884e+16,-5.13675742086e+16,131.313014426,175.764934711,-326.227539879
9.35828877005e+29,6.88937752095e+16,-1.58641539163e+17,1.17907518175e+17,-46.8615259455,-21.3899025444,-42.3525479428
9.35828877005e+29,-8.25500546833e+16,7.92772659741e+16,3.57825112739e+16,-41.3785987926,136.771982097,-101.911368747
9.35828877005e+29,-1.15368321891e+16,2.36472572136e+16,7.16508182717e+15,-475.956100816,296.259382929,566.648061526
9.35828877005e+29,3.94809889697e+16,-2.77742204592e+16,-4.77505914044e+16,-185.05896819,149.631378899,226.593626594
9.35828877005e+29,2.74578943695e+16,5.55617522409e+16,2.46877572535e+16,-2.97878139991,-53.7144479099,-71.4402930023
9.35828877005e+29,1.34917990411e+16,-1.77341542867e+17,-4.76067834663e+16,-17.4124656198,-27.3773061699,8.81737910093
9.35828877005e+29,-9.4394521327e+16,1.42706800498e+17,-7.26904645761e+16,-72.0751768148,39.5831916565,23.4717949956
9.35828877005e+29,3.99563648342e+16,-6.48719744756e+16,1.59856571185e+17,12.526935614,19.4211859478,11.0199616172
9.35828877005e+29,2.35826711489e+16,-6.63436635115e+16,-6.55832442491e+16,20.0381202343,46.554930318,36.5404250995
9.35828877005e+29,1.42542892106e+16,1.78254522006e+16,-2.71236690535e+15,-877.549068297,152.972297352,-108.219140586
9.35828877005e+29,-8.11413439337e+16,3.01165622483e+16,-3.70079025208e+15,-39.2595087845,200.638709966,128.948330828
9.35828877005e+29,2.63592872849e+15,-2.17553904883e+16,-3.03936366205e+16,-487.556969041,-381.921447271,63.1222582287
9.35828877005e+29,2.24288048704e+16,6.78020778045e+16,-3.03591183873e+15,-65.7714854054,85.9744275355,173.069105246
9.35828877005e+29,-3.41259070722e+16,4.89517626842e+16,-1.22358032981e+16,41.4777777676,23.3211033501,148.071028516
9.35828877005e+29,-2.18003754651e+16,6.93192585957e+16,-5.61131871746e+15,59.277986161,136.494919407,320.252327401
9.35828877005e+29,2.09445536635e+15,9.80788814881e+15,-3.41508008834e+15,49.8007206951,150.173649163,653.065434396
9.35828877005e+29,-6.73265663949e+15,1.60907807872e+17,-5.63783840543e+16,-95.4005845201,47.728488567,-8.41562137612
9.35828877005e+29,-1.18202354823e+16,-1.9299931446e+17,-2.61165727265e+16,25.5637864154,23.4892701616,0.56087239335
9.35828877005e+29,1.81250964629e+16,-1.21624100025e+16,-3.9557290773e+16,347.156946687,338.738924085,306.353023785
9.35828877005e+29,-9.54392421356e+15,-2.9504298531e+16,9.56040551356e+15,21.7687516697,254.311804589,98.6022410661
9.35828877005e+29,-6.37741622303e+16,-3.26533246951e+16,-1.10802570739e+17,-62.7023039027,65.9984984694,92.2299966157
9.35828877005e+29,5.83967900722e+15,-2.87540656662e+16,4.86763795591e+16,-88.2248581507,283.533332124,-77.3033648387
9.35828877005e+29,2.39439073313e+16,-1.90168158192e+16,8.34716562621e+16,-13.637801409,-122.783942819,-91.2895095501
9.35828877005e+29,2.12626241192e+16,-6.03524075075e+15,2.26467742468e+16,-132.2932877,142.348948791,-301.980358252
9.35828877005e+29,1.07528613553e+18,-4.65814702805e+17,2.73279842013e+16,-26.6863526044,20.7782556836,-1.43949845769
9.35828877005e+29,-1.16023055954e+17,4.21496162369e+16,5.15612242009e+16,-56.8612265061,89.390862344,-27.1167309823
9.35828877005e+29,-1.09586451309e+17,-3.76101804344e+16,-7.6019479054e+16,-74.7141450935,59.1323901007,26.2636523761
9.35828877005e+29,-1.05441700799e+16,-1.30376476488e+17,1.24124310512e+17,-23.2205883153,6.99892130112,0.503666142542
9.35828877005e+29,1.04837561961e+17,-2.4584339678e+17,1.23098513733e+17,-48.7836576556,29.1786005977,-13.6438115645
9.35828877005e+29,2.7957511028e+16,-1.12392659403e+17,9.4737973268e+16,-64.7781466952,35.7870372654,1.56274913519
9.35828877005e+29,2.15295406616e+16,4.89888837495e+16,-4.69503094791e+15,-40.1247150043,-98.3243134965,-175.803565986
9.35828877005e+29,-3.84297462475e+16,1.78388956686e+17,-3.10767247201e+16,80.2111725208,4.59025419899,27.9182715889
9.35828877005e+29,-2.35086008518e+17,3.25139595719e+17,2.03605605886e+17,-30.4175032172,19.3939880009,-0.482753221487
9.35828877005e+29,6.87457423155e+16,5.88034129763e+16,-4.47020905061e+16,239.005941566,108.616033282,111.607211998
9.35828877005e+29,-6.62367902102e+15,-1.18734011334e+16,-3.26256251429e+16,-489.032344617,521.958884748,68.2447517494
9.35828877005e+29,8.96466276387e+16,-1.72967363173e+16,9.74345140419e+14,59.5896263186,-191.227957704,-96.7944110315
9.35828877005e+29,-2.3344232142e+16,2.60525466763e+16,1.1825391113e+16,22.6300783529,17.2069134981,-190.492043027
9.35828877005e+29,-6.21820766513e+15,-1.12553833393e+15,2.65580524397e+16,59.7487926334,-121.189731607,-198.340598266
9.35828877005e+29,-1.82148886924e+16,5.31554614374e+16,2.98358136791e+16,-75.0239462022,17.4135193627,278.573110705
9.35828877005e+29,-6.16398377207e+16,-4.34588405135e+15,-2.40449058363e+16,-31.6416560071,-256.368625562,-218.961312541
4.67914438503e+29,2.15812309532e+16,7.83164098495e+15,3.18339172602e+16,-221.596588416,47.8891388158,-157.670520328
4.67914438503e+29,6.18267409142e+16,-1.53149101254e+16,-6.08598312368e+16,-138.597560035,73.8174420655,84.7747291044
4.67914438503e+29,2.70910006174e+16,5.29716077421e+15,-1.89235672077e+16,-238.627732029,-218.667308611,384.287076412
4.67914438503e+29,-9.81594487206e+16,1.82825113766e+16,-8.25067481685e+16,51.6716643339,-3.26475305153,-136.048921119
4.67914438503e+29,-2.51298242943e+17,-1.84672263634e+17,-2.51509430546e+16,-22.5109355611,42.3740042606,-8.05473291635
4.67914438503e+29,-1.33329404904e+16,1.68613895958e+16,6.65241887043e+16,-225.142263806,-44.5047762004,-41.066315418
4.67914438503e+29,-1.98155963012e+15,9.55499350409e+16,1.28280411871e+16,-97.4387446374,45.7414797738,28.1637369596
4.67914438503e+29,1.90650238404e+16,2.0315347511e+17,1.43912206308e+16,-11.534348044,-9.68421567526,-23.9839776522
4.67914438503e+29,1.14016169345e+16,-1.11857186677e+17,-7.36957976237e+15,-21.4006042819,-80.2710374842,8.48117078965
4.67914438503e+29,-1.80357255513e+16,4.06208844299e+16,-6.67759539214e+16,210.126943817,105.514146956,178.354842105
4.67914438503e+29,1.58540020444e+16,-4.37569036366e+16,4.19818697708e+16,26.1372400364,2.44822555272,104.48946533
4.67914438503e+29,4.91350589972e+16,-2.8711817279e+16,-9.95207285731e+16,-40.0051416361,-74.1541822855,-165.176631306
4.67914438503e+29,1.94976874218e+16,4.14530279557e+16,-3.45426846343e+16,-277.999094247,36.5000022595,36.0894759391
4.67914438503e+29,-7.84602828769e+16,-7.63511473681e+16,-7.31706853504e+16,-81.6986557099,97.9069170831,56.287161638
4.67914438503e+29,9.98779843321e+16,-1.95276307032e+16,-6.56523766887e+16,54.3778937944,-71.0921888946,-68.9159131261
4.67914438503e+29,2.97132138934e+16,6.05303289368e+14,-7.02609781504e+14,-129.018655616,-383.420441149,-140.077194692
4.67914438503e+29,1.93890139956e+16,4.34823117686e+16,3.5362638867e+15,-538.481495906,-164.562520462,-276.768825619
4.67914438503e+29,1.39750045485e+17,4.98565429138e+16,5.16259217358e+14,-109.624799767,-69.1019059946,51.9069764685
4.67914438503e+29,5.19866575554e+16,-4.05139178315e+16,2.31600347598e+16,36.0938176207,108.618960262,-172.524211166
4.67914438503e+29,1.17047565367e+17,6.06059778577e+16,7.62737905356e+16,-76.6672330046,-51.1004266472,35.0673899795
4.67914438503e+29,1.58752855626e+17,-3.23962043339e+16,-1.20103890845e+17,-20.630175282,6.13492415667,46.8693805198
4.67914438503e+29,5.62850379115e+16,2.22830254038e+15,2.3434716882e+16,413.624378604,-49.9716606276,238.369035424
4.67914438503e+29,-4.98456195434e+15,-2.40851906969e+16,-4.35815466183e+16,373.392777859,630.370908425,-17.8781564431
4.67914438503e+29,-9.83554882305e+16,6.19609266407e+16,3.20245556705e+16,35.6348959802,-20.8520888533,56.4325195199
4.67914438503e+29,-2.73769669162e+16,6.48895703914e+16,-1.17919722694e+16,170.150448994,48.821773058,215.53600152
4.67914438503e+29,-1.92722478082e+16,2.57722668319e+16,-3.44751057917e+16,-180.207125384,377.487611571,-160.648156792
4.67914438503e+29,2.5235255398e+15,-1.45960935186e+17,1.10781245602e+17,-18.2501694895,60.705955658,-47.6160408463
4.67914438503e+29,-3.0586173186e+16,5.28343980629e+16,5.48554786092e+16,6.7583264392,-79.8327485786,79.4976167707
4.67914438503e+29,5.7017275085e+14,-5.38229805287e+16,-5.68376966875e+16,-220.461131397,53.6078251611,-247.554835965
4.67914438503e+29,1.28688485719e+16,-2.59811075012e+16,5.70283548561e+16,-14.8823914246,-45.3738717978,-141.190679934
4.67914438503e+29,-2.56055637202e+17,-7.72415990552e+16,9.84238995477e+16,-25.9422668952,49.8737442369,-12.132939374
4.67914438503e+29,-7.21220590079e+16,1.12583630687e+17,-2.56479545677e+16,-84.3518820167,-3.10538770466,81.8587343374
4.67914438503e+29,2.00590894573e+15,1.47838425562e+16,2.88083871428e+16,215.806758653,650.991283345,-67.7909471329
4.67914438503e+29,-1.68853557385e+17,1.0552145454e+17,-1.23372017691e+17,-14.1272219548,27.2665946325,-0.296638924303
4.67914438503e+29,1.79511270716e+17,-3.98611711397e+16,1.20910518232e+17,-13.3281702864,-29.4705805516,-10.8555985833
4.67914438503e+29,-9.22629740935e+15,6.44740714674e+15,3.02766480131e+16,246.795338512,10.5357869119,30.3220334073
4.67914438503e+29,1.40805157809e+15,8.00283622804e+15,3.52690718716e+15,133.870537961,-190.188421458,163.883061237
4.67914438503e+29,-9.15931073994e+15,-3.99797033076e+16,2.09869810449e+16,-9.27843434123,343.32460596,308.521672203
4.67914438503e+29,5.81933598251e+16,4.39584688843e+16,-9.56821791215e+16,-166.796491559,-108.098828396,12.4631413401
4.67914438503e+29,-1.44702235983e+17,2.41953063355e+16,-1.11730449933e+16,-105.421284899,22.8832754761,49.4669541477
4.67914438503e+29,-2.04758056667e+16,2.89219816821e+16,-4.61171104951e+16,-131.945081815,214.296178178,-28.9564147684
4.67914438503e+29,-8.60409506341e+16,9.33000171468e+15,2.30382840582e+16,-94.4441769024,70.5462595688,-187.236131383
4.67914438503e+29,-3.49912550358e+16,7.35484283354e+16,-9.03787992979e+16,-82.6554459019,-106.720448273,119.709972117
4.67914438503e+29,1.07179384155e+17,1.2233738313e+16,-6.47065516394e+15,-105.865699643,3.75556841156,-64.3517696563
4.67914438503e+29,-2.38091938374e+16,3.33011021961e+16,-3.42376338286e+16,26.526099364,-133.317193216,118.350160684
4.67914438503e+29,-2.03079566494e+14,-2.10211893602e+16,-2.77615684457e+16,-200.158579881,240.501366569,319.344195705
4.67914438503e+29,2.34333450944e+16,2.33517292943e+16,-4.41823102578e+16,-156.004864432,-371.620901517,-457.40650387
4.67914438503e+29,-2.15776045308e+15,1.1777821177e+17,4.04995061102e+16,-79.2345513457,11.0095563386,-157.073924832
4.67914438503e+29,-2.47240208263e+16,8.03961530981e+14,-2.54862937076e+16,-69.5499151869,-478.273973017,-521.06147787
4.67914438503e+29,-9.51749305363e+16,-2.01945852163e+17,5.25285780661e+16,-26.6487003275,62.4519958554,-45.3591472012
4.67914438503e+29,-9.86765205059e+15,4.0438718941e+16,-1.90156372583e+16,-400.552626445,174.068818186,-354.305682915
4.67914438503e+29,7.47403289808e+16,-3.49826202035e+16,-2.35639043381e+16,-20.3566078988,55.3180985765,-120.87934851
4.67914438503e+29,-1.00009249232e+17,1.03526373182e+16,-3.30069025685e+16,-165.953328831,-36.2070257743,-72.3265318306
4.67914438503e+29,3.38319270382e+16,-1.75380644263e+17,1.68836164938e+17,-29.1260489753,30.2001796407,-56.2546474363
4.67914438503e+29,-5.08644449002e+16,3.59160208967e+16,-7.57215032542e+16,-112.843900459,-80.6324522912,-290.015682764
4.67914438503e+29,-1.62347542758e+17,-1.5165718576e+16,-1.88269135624e+17,-17.583440977,45.1426812678,40.8214382483
4.67914438503e+29,-1.86711578604e+16,1.31618440174e+17,-7.37119440139e+15,26.5808502654,-62.2426638706,-99.7332930673
4.67914438503e+29,-1.2868806835e+17,-7.93088446889e+16,-4.85421461491e+16,-30.3638602291,1.06449970071,-73.870547229
4.67914438503e+29,-4.88430266725e+16,1.91644691043e+16,-2.52342549283e+16,-147.323669916,40.9276336819,81.928533756
4.67914438503e+29,-1.27816813105e+16,-7.98535706953e+16,-3.0136041524e+16,60.7460576526,120.898178944,225.413153908
4.67914438503e+29,-3.27703143246e+16,-3.92614792753e+15,3.01841374346e+16,52.8607615475,-48.7353888296,316.014886349
4.67914438503e+29,-5.95660533914e+16,1.03098173685e+17,-3.97756770993e+16,-34.0909985239,56.6262301245,47.8832711789
4.67914438503e+29,-3.16499380992e+16,-6.73061670743e+15,-5.99425903035e+15,352.363718891,136.855114835,-382.248835101
4.67914438503e+29,6.56445455574e+16,9.72918282149e+16,-7.15039899116e+16,-55.0163382835,-35.8653073455,-130.388862105
4.67914438503e+29,2.58243106292e+16,-4.66767071131e+16,1.12183945027e+16,219.900745303,-130.075611805,-233.616829728
4.67914438503e+29,-1.06341515319e+17,-2.11847091537e+17,1.42250386888e+17,-41.7054729333,45.6688564123,-20.7099267009
4.67914438503e+29,5.08808609109e+16,1.66438202122e+17,1.2244455286e+17,26.6194903228,56.4117757579,-13.9530044129
4.67914438503e+29,8.5164914822e+16,4.16842247399e+16,-9.45884476428e+16,-14.2374674398,29.3616325838,113.980750345
4.67914438503e+29,-2.5617124328e+15,-6.15144833356e+16,-2.00883571139e+16,-121.150553419,-235.138969742,24.9732051913
4.67914438503e+29,-4.26676891613e+16,4.5868348012e+16,8.93130444228e+16,12.639202193,103.085247971,-108.260915612
4.67914438503e+29,-1.67976479709e+17,-8.79230091137e+16,-1.59443095491e+16,-17.3562427055,28.3896733115,35.4969661152
4.67914438503e+29,4.97632081835e+16,-9.6347491869e+16,1.37285553316e+16,163.935042393,74.6772366684,39.1667560187
4.67914438503e+29,-4.43500232579e+16,3.16653118425e+16,3.00158675115e+16,-80.1823307099,-175.161345401,-131.398483642
4.67914438503e+29,1.56857960651e+15,-2.79061761714e+16,4.00271566038e+16,-124.384833885,-29.5076620827,74.2285518582
4.67914438503e+29,1.16806620402e+16,-7.30867839241e+16,5.2359353909e+16,-135.035206683,-177.245074797,223.224860046
4.67914438503e+29,2.72162682056e+16,-4.74185887082e+16,1.05986935889e+17,48.4268620252,-38.0664881565,-106.179384721
4.67914438503e+29,6.82744874585e+16,-7.61700475346e+16,-4.08169549365e+16,-17.0594672082,84.7980060274,-3.77766727092
4.67914438503e+29,-4.51815352292e+16,2.0330497413e+16,-3.42223820221e+16,-84.593120476,151.989630008,6.99722172639
4.67914438503e+29,5.5337648496e+15,-3.33235157962e+16,-3.0230558758e+16,-194.544413855,130.917245027,189.55207663
4.67914438503e+29,3.0824982428e+16,-1.6847862686e+16,-5.77597010935e+15,-102.781420707,351.468353246,40.8595398201
4.67914438503e+29,8.50201223872e+15,6.80912535676e+16,9.8589081409e+16,81.5136284832,-43.4809408104,64.6274567313
4.67914438503e+29,2.84526973901e+16,-9.43350032917e+16,2.04595102202e+16,-45.6065961075,-43.6412441947,63.4262556267
4.67914438503e+29,-3.01535579685e+16,5.87902600002e+16,5.09707453459e+16,-76.7577338896,-66.7107695679,155.869403724
4.67914438503e+29,7.69282074183e+16,1.62755975636e+16,7.35674257759e+16,7.55368986453,-98.8233257596,74.1755608064
4.67914438503e+29,6.08447804911e+16,-6.95746750367e+16,-2.19542026264e+16,141.339543471,10.3518225569,47.6946874088
4.67914438503e+29,1.33429638826e+14,-1.51149078596e+17,-1.06623516612e+17,5.70349063137,31.3501072266,90.6553310975
4.67914438503e+29,6.11370175419e+16,-4.04677222027e+15,5.55984459695e+16,-206.801348568,130.202951718,-39.3374851514
4.67914438503e+29,8.15258209867e+15,1.91255550696e+16,6.65337112679e+15,295.245521025,-436.806504837,-108.476952679
4.67914438503e+29,1.86916668808e+16,-1.95949803665e+16,-3.20940390471e+16,-348.837713993,126.700887439,151.39909127
4.67914438503e+29,-3.04930506155e+16,-1.6366669736e+16,2.36504607187e+16,-170.832456603,-94.0608939016,136.436109406
4.67914438503e+29,8.64937068167e+15,-5.7132296948e+15,-2.29029141463e+16,-501.702447697,-65.1533294118,-212.924344823
4.67914438503e+29,-2.59157757835e+16,1.29048253421e+16,-2.89281301429e+15,-453.741473458,-229.048567324,-12.1229875862
4.67914438503e+29,-5.89702692587e+16,-2.70027243477e+16,-7.53389061921e+16,171.811788422,-50.4906378746,-7.28814898034
4.67914438503e+29,-4.24430050087e+17,-3.34506696215e+17,-4.40806558616e+17,-20.0221933753,23.2173040555,-3.38628488697
4.67914438503e+29,1.37754549665e+17,3.60086381486e+16,6.38105961086e+16,-6.64156052677,47.2695336649,-16.8157474478
4.67914438503e+29,5.22498630075e+16,3.2331340652e+16,2.61906478828e+16,-169.751584599,146.510046686,-178.102682731
4.67914438503e+29,-4.04613840189e+15,2.85900536664e+16,-3.81620345996e+16,-174.608152746,115.324372593,-46.9806962521
4.67914438503e+29,8.41847062096e+15,8.13454340029e+16,3.01514664693e+16,15.0626796275,379.123207529,-113.362035973
4.67914438503e+29,8.04790323545e+15,3.51684032726e+16,-4.29170159174e+16,86.9670937229,6.98187993628,-87.7089273579
4.67914438503e+29,5.69998439063e+16,-9.67941485199e+16,-2.83948588088e+16,48.5502153946,16.0071639734,81.0472769534
4.67914438503e+29,6.56847510114e+16,3.42288183842e+16,-4.11064629022e+15,-117.68666704,350.722708315,-188.558552835
4.67914438503e+29,-1.80976678352e+16,-9.21798748286e+14,5.35106174432e+16,42.282460658,-146.034110384,24.0110869422
4.67914438503e+29,-1.47245113619e+15,-7.22666525491e+15,-8.04947338582e+15,-204.374018193,-641.170658386,550.555835509
4.67914438503e+29,-3.27589225752e+15,2.94168724851e+16,-1.29438970979e+16,170.494611654,379.928232752,495.365270169
4.67914438503e+29,-1.4440288226e+16,2.81382354344e+16,-7.6034885448e+15,341.316118862,-375.291381252,329.688065744
4.67914438503e+29,-1.3883588232e+16,5.63612891342e+16,8.37330641169e+16,-106.781316134,93.8847467193,45.0847145921
4.67914438503e+29,7.61119944072e+15,1.85305543883e+16,2.3435112274e+15,2.23449457236,79.8948812812,352.23040715
4.67914438503e+29,-2.91006013057e+16,-4.61024581895e+16,-4.65369033978e+16,-356.088242063,-176.110835554,276.063262025
4.67914438503e+29,2.94755945134e+16,-6.44545452566e+16,-2.9792543016e+16,98.4989745303,162.876402437,-191.414206444
4.67914438503e+29,1.3528870544e+15,-1.64695939162e+16,-4.15201449425e+16,-439.158198211,143.330561782,-313.860057229
4.67914438503e+29,-1.33515591731e+17,-2.05957968278e+16,-1.65133513708e+17,-23.8079465927,36.4532446246,-29.8421209527
4.67914438503e+29,2.55514371417e+16,-5.93687799071e+16,-8.12435141938e+16,-83.6923954631,-28.9361543671,67.0516273968
4.67914438503e+29,2.95113460389e+16,4.53121767003e+16,1.73811821291e+16,-76.4466850012,-258.480691977,-233.678379568
4.67914438503e+29,-1.33147960157e+16,9.40884909536e+16,-7.95934847375e+16,-60.9333066871,91.794777857,177.025499794
4.67914438503e+29,-3.30320789271e+16,3.73831438143e+15,-3.00699051098e+16,14.1424017302,-346.716684766,-410.099406967
4.67914438503e+29,3.73910833379e+16,-6.34352380566e+16,6.92104698543e+14,113.354074568,-135.290630258,-146.353659724
4.67914438503e+29,3.05979734723e+16,3.77101563292e+16,1.91870638544e+16,-20.7824915765,101.506942099,52.291738027
4.67914438503e+29,5.808441076e+16,8.87345909013e+16,2.56261058025e+16,-87.4119581158,64.5314644692,18.9367958835
4.67914438503e+29,-6.96464081291e+16,2.00974635847e+17,-6.05289585956e+16,-32.7820035834,54.3023205481,37.8518028902
4.67914438503e+29,-2.16275776522e+16,-4.34215997099e+15,1.35655670701e+17,48.1835669052,-78.432532162,-23.2185716284
4.67914438503e+29,-3.29768251524e+15,-1.44962937555e+16,-3.09039220771e+16,-301.364749023,-326.494595599,-435.329620728
4.67914438503e+29,-2.61287801883e+17,-1.39486721148e+17,2.0539592117e+17,-20.1350400105,11.3211706233,11.7807547351
4.67914438503e+29,1.9571786518e+16,-4.47115830474e+16,-7.79899264477e+15,-241.565386193,173.73713751,349.504190697
4.67914438503e+29,-7.93958712944e+16,-7.03828331465e+16,2.96652058869e+16,6.19526529932,-14.2212249579,148.81584006
4.67914438503e+29,-1.70858891549e+17,-1.04018046703e+17,-8.59380416941e+15,-44.0339101206,-13.2912458931,23.3529070918
4.67914438503e+29,1.37484742226e+16,-4.43383160231e+16,-6.26999033187e+16,146.728469849,242.682996848,-52.5267704495
4.67914438503e+29,1.00980389708e+16,4.14512256679e+16,-3.69498040972e+16,-404.785244757,-203.796412239,38.2821752654
4.67914438503e+29,1.47355676566e+15,-1.91356913847e+16,2.77385024611e+16,213.608696333,-462.348923595,207.697582157
4.67914438503e+29,5.00331417331e+16,-6.66266307217e+16,-5.27407572931e+16,70.4132338059,-105.537725892,-93.8809898416
4.67914438503e+29,-5.84217548553e+16,2.91433413164e+16,-2.02461967437e+16,-85.674897583,-99.0149610047,154.73772612
4.67914438503e+29,1.42517087619e+16,-5.37368388457e+16,-2.39422258239e+16,16.0230651987,-190.410883156,-188.086729941
4.67914438503e+29,-9.87582340291e+16,1.21803197261e+17,6.96209705032e+16,-7.37096062424,87.2893143609,28.577407738
4.67914438503e+29,-2.30353971024e+15,2.64575499293e+15,8.25141223675e+15,445.916063797,153.730015394,-210.466795824
4.67914438503e+29,5.14832321681e+16,-1.00975800906e+16,3.96725023113e+16,157.469239145,350.010510733,214.245468497
4.67914438503e+29,2.7980514538e+17,1.20823885365e+17,1.92171644307e+17,-21.9107980411,23.8458030163,-2.40774388324
4.67914438503e+29,8.84664052961e+15,3.9796283188e+16,-1.92052671792e+16,-195.503439768,-101.775206776,-65.266498877
4.67914438503e+29,6.06951988785e+15,-5.15897926374e+16,-1.04755343997e+17,-153.999602462,59.6887465311,-133.408434603
4.67914438503e+29,4.41840114893e+16,1.9715241452e+15,-5.87615219671e+15,-248.654743742,-105.139203912,1.26558043439
4.67914438503e+29,-7.24752067131e+16,4.42990385638e+16,-1.34745118008e+17,-32.6173581885,-24.7069222396,-47.6517511193
4.67914438503e+29,-2.36069728591e+16,-3.31370364972e+16,-2.88178283429e+16,-537.580454162,-257.660158497,83.8567658796
4.67914438503e+29,-1.42413864708e+15,3.39094744815e+16,6.18947158932e+16,111.083031354,3.17304544822,28.4511201043
4.67914438503e+29,4.01855706011e+16,1.99909591078e+17,-3.01341765646e+16,-11.5459279584,77.5922006373,-54.425444575
4.67914438503e+29,7.1322632736e+16,-2.72606050489e+17,-2.84640692133e+17,-33.0810605566,14.9700069092,8.17919770561
4.67914438503e+29,-1.88113655919e+17,1.05272877313e+17,-1.61086015254e+17,-32.5313881831,-3.29518604524,7.60604370921
4.67914438503e+29,4.10354504814e+16,1.23016693408e+17,1.01150206409e+16,-92.058740167,-87.6470121709,-63.0441877014
4.67914438503e+29,-4.69260440358e+15,8.19511963721e+16,2.7801507575e+16,36.0302688748,175.886091514,-193.334210015
4.67914438503e+29,1.00811132415e+17,4.18000554411e+16,1.37058511443e+16,55.933189456,-54.3289884818,52.8030262088
4.67914438503e+29,3.14650032586e+16,-3.79506550471e+16,-8.65881959746e+15,-167.862206363,23.6201118154,120.196953243
4.67914438503e+29,-6.58750643271e+15,4.47720271952e+16,3.3799425162e+16,-64.8659169432,81.7170466982,241.462452574
4.67914438503e+29,-7.61493923397e+16,-5.29724147495e+15,6.83748587666e+15,-147.514699386,-121.030874247,-93.563319164
4.67914438503e+29,-5.16818325312e+16,-9.42249470849e+16,-5.20214522173e+16,-51.5739269108,130.749584959,12.1293171786
4.67914438503e+29,9.24173899016e+16,4.54976904927e+15,-6.43323013714e+15,165.056454103,109.919907309,25.6327977779
4.67914438503e+29,8.98270435077e+15,3.54641490999e+16,4.38901472721e+15,253.089459638,314.011182705,337.804466334
4.67914438503e+29,1.16794185317e+16,2.21026916969e+16,1.15568777674e+16,255.440906885,77.0908251057,-724.144246327
4.67914438503e+29,-4.83693150831e+16,-2.26809296548e+16,8.11389109931e+15,292.0201813,-103.319858803,178.584182127
4.67914438503e+29,2.56271708584e+16,-1.63812593446e+17,3.23607898924e+17,-48.6610531231,28.3062022929,-8.83004200713
4.67914438503e+29,7.6994513877e+16,-4.88711798087e+15,1.78231247725e+16,-239.074168408,168.366089845,-102.434295119
4.67914438503e+29,-1.7872741863e+16,1.31454947364e+16,-4.9857368684e+16,-9.05288231966,178.739548256,-303.758333763
4.67914438503e+29,-2.01912140711e+17,-2.82722190924e+17,-3.18939330742e+17,-20.3305332029,16.1079288312,7.15850780277
4.67914438503e+29,-1.00344092214e+16,4.17302965567e+16,1.47667981894e+17,12.1656297271,70.4954338019,112.808539698
4.67914438503e+29,-2.11174478774e+16,1.30357747856e+17,-7.47693725525e+16,11.5931587966,-13.2930122645,-36.617391933
4.67914438503e+29,-1.20546935133e+16,-1.1715189801e+16,3.81818337778e+16,-270.164893738,74.1246029044,-222.31699959
4.67914438503e+29,-1.10414553108e+17,-3.80500429209e+16,2.15212981809e+16,-94.7897111117,40.7473461173,-63.6359563005
4.67914438503e+29,-2.05867915789e+16,-7.39890171988e+16,-9.08460023293e+15,48.6812000549,-25.2797120181,91.337608801
4.67914438503e+29,-3.68609380389e+16,-2.67079996229e+16,-3.51165799216e+17,-21.9480644766,6.6299152854,17.6008463301
4.67914438503e+29,-3.0458011497e+16,4.81587507903e+16,-3.49054780008e+16,-27.0351603092,-209.053420999,-175.350980987
4.67914438503e+29,9.26304609204e+16,7.78465928324e+14,-6.43957638245e+16,-74.9801439409,62.3797484073,-10.9836080565
4.67914438503e+29,2.72847050104e+16,7.94124400294e+15,-1.62583216279e+16,-163.447603615,-466.93389226,-428.229493087
4.67914438503e+29,-1.88211373519e+16,-1.78265790062e+17,3.81409490414e+16,-45.1005782844,73.6951888793,15.6847829954
4.67914438503e+29,5.9975006564e+16,1.43977891925e+17,7.22478517045e+16,-52.4055310667,-61.3985218772,8.07640553565
4.67914438503e+29,5.51013985265e+16,4.20036441491e+16,-4.45191589677e+16,-64.4199510832,-1.54809847517,198.993410919
4.67914438503e+29,2.76450664845e+16,3.61084252579e+16,3.46171768603e+16,154.209536555,-169.095107089,-271.455217939
4.67914438503e+29,3.40694963987e+16,-5.71628999664e+16,3.20278243172e+16,17.8077026026,-308.654157582,-85.8903101993
4.67914438503e+29,-1.30128668319e+15,1.3717080978e+16,-2.20487267011e+16,-233.524130309,-80.3710339361,404.579457277
4.67914438503e+29,1.42958496645e+14,-7.24728255951e+15,1.74984931221e+16,-558.888813484,-521.990815026,-43.834623507
4.67914438503e+29,-4.16623892263e+16,-4.19245730834e+16,-6.06191801718e+15,-21.5904138922,-86.0239044753,307.936200961
4.67914438503e+29,-1.33599433276e+16,-2.3977630826e+16,3.19449041182e+16,-173.692094887,-153.157721817,1.49955588839
4.67914438503e+29,-5.02205528582e+16,-4.20499727019e+16,1.27337582836e+16,-236.622426962,272.795726718,-20.5578275484
4.67914438503e+29,-1.79746878142e+16,-3.37598968199e+16,5.34220273911e+15,110.34766451,-295.334753287,-52.4472389673
4.67914438503e+29,1.13431730488e+16,-4.56179983524e+16,-4.6434639377e+15,-170.871618994,98.4474057159,-261.44458917
4.67914438503e+29,9.35540891244e+16,1.12512999279e+17,-9.86866419435e+16,-55.1735899069,70.0067770216,-36.319833632
4.67914438503e+29,2.19450733792e+17,9.02006494691e+16,-5.72082126547e+16,-36.0700193197,32.9056482308,17.7088166353
4.67914438503e+29,-3.15702783624e+16,7.78742818032e+16,1.14852964175e+16,286.477397816,54.9533551983,40.8371247302
4.67914438503e+29,-1.31387375667e+17,-5.27214778982e+16,8.74395601859e+16,-58.7255547483,-34.5197740519,-78.1991497308
4.67914438503e+29,-1.08652320888e+16,-2.46727729939e+16,-1.1582074594e+16,-594.555117962,87.1374523349,25.2302289544
4.67914438503e+29,9.37122885177e+16,-9.94648924611e+16,-7.83206053058e+16,-84.2457683077,-80.0593852705,45.3453996691
4.67914438503e+29,-2.22132931339e+16,6.7386791563e+16,6.88955703279e+16,-220.651219339,-36.3724476167,38.0428223438
4.67914438503e+29,-3.83163352203e+16,-4.51638608128e+16,1.12273276379e+16,-9.27082777601,520.620314302,-22.8912825056
4.67914438503e+29,-1.77819143621e+16,5.05080730926e+16,5.07072575198e+16,-187.558533109,160.434656632,115.628165413
4.67914438503e+29,-3.56225279128e+16,1.48154232456e+16,5.14236696053e+16,257.784083052,186.783251283,25.7354278287
4.67914438503e+29,5.41305136546e+16,-5.30537818896e+16,-3.02800731605e+16,-69.092048147,-234.057309025,104.992418143
4.67914438503e+29,2.02340057507e+16,2.87610198586e+15,-8.90047235531e+16,-33.922813934,205.89028523,-88.7102129052
4.67914438503e+29,8.79939255555e+16,1.80561820252e+17,-8.6778312162e+16,-11.7374957561,18.1143741358,23.6524749205
4.67914438503e+29,-1.13573076117e+16,5.83325758132e+16,9.86762333845e+16,-117.987315568,2.07220156304,-75.100824432
4.67914438503e+29,2.13933375743e+16,-5.9448436247e+16,-5.51172674828e+16,-113.783404485,71.0725902089,66.8574862263
4.67914438503e+29,4.3427561842e+16,-1.56222457124e+16,-3.30278607591e+16,101.345252076,-420.78296442,17.8769553153
4.67914438503e+29,2.39855624102e+16,2.61904407317e+16,-3.40806189212e+13,-376.849956919,181.506577724,-192.441046943
4.67914438503e+29,-1.86884418463e+16,5.42267639243e+16,-9.7257946624e+15,146.691189998,155.090012382,108.045374307
4.67914438503e+29,-6.14432637554e+16,-1.09763622513e+17,-6.11991093285e+16,-63.3033904696,38.556553212,-55.7956213128
4.67914438503e+29,3.4514049682e+16,1.07732872842e+17,-1.79732809987e+16,-5.19048129686,133.601930213,34.7429241886
4.67914438503e+29,-7.50941922145e+16,1.50861128804e+16,6.02553238702e+15,175.067402278,23.2767462311,-149.309752518
4.67914438503e+29,3.4790821338e+16,-3.06377907436e+16,2.59856357254e+16,118.674382933,180.724558076,-22.4749153024
4.67914438503e+29,-2.03052238244e+17,4.45006441107e+16,4.06598473954e+16,-3.29172702699,-46.0741726521,-30.478524233
4.67914438503e+29,-1.28410838746e+16,1.40969375555e+17,-9.61791525477e+16,59.4847597407,8.96181883549,-28.5179909635
4.67914438503e+29,6.28360942775e+14,-1.41608252819e+16,-5.15599214802e+16,67.0772216299,-246.241734288,198.863223446
4.67914438503e+29,2.53019615239e+16,1.40338509723e+15,-4.14981326138e+15,-129.903684437,-41.9578117343,-237.54011154
4.67914438503e+29,-5.46221402229e+16,2.06192553006e+16,5.40962799195e+16,-164.41512535,126.009901032,-113.907950803
4.67914438503e+29,2.50258400882e+17,9.50082854943e+15,6.10018278158e+16,-24.9169740278,12.4160064049,34.0634355386
4.67914438503e+29,-2.38230511321e+16,-5.76966748848e+16,-5.69083359964e+16,-273.552974989,-84.5804414074,3.27016525652
4.67914438503e+29,1.8353254226e+16,1.25784874713e+17,-3.81500538062e+16,86.3697402246,-5.65752753524,12.2996051457
4.67914438503e+29,-7.90598326188e+15,-1.03929665556e+17,-1.12348666148e+17,-35.2632879376,-21.0583631232,-19.3803172771
4.67914438503e+29,-1.30477200069e+17,-2.34865495873e+17,1.05165311785e+17,-9.25736728297,16.3665352589,-19.7699888248
4.67914438503e+29,1.00330429365e+17,-7.73058953657e+16,-1.25414529139e+17,-88.5462316588,49.1391321895,-59.3577868174
4.67914438503e+29,-1.31570876591e+17,3.3761661442e+17,-2.27567029031e+17,-32.2656757601,23.1330438145,0.0760562159607
4.67914438503e+29,3.28813426802e+16,4.16919415138e+16,1.23667410576e+16,92.922978852,337.861437636,-117.505034222
4.67914438503e+29,-7.8060541998e+16,-1.2863808009e+17,4.72898518381e+16,-114.357580557,41.437719844,-26.3905853239
4.67914438503e+29,-3.84611968873e+16,-1.4640402931e+16,5.86732906815e+15,310.797304776,-470.62775622,118.397294503
4.67914438503e+29,-4.16643254841e+16,7.98505496135e+16,-1.5472891763e+15,-68.9161047774,-224.284732075,127.436242112
4.67914438503e+29,8.74128127513e+16,-7.50952368149e+16,7.93846707386e+16,-8.8494271018,25.944514089,-17.149220358
4.67914438503e+29,3.39063325638e+16,-9.06899501785e+16,-4.82400222799e+16,-30.2759179535,49.4168805525,-191.856582119
4.67914438503e+29,-1.62538135284e+16,1.01167220197e+16,-1.25502880137e+16,-543.713971161,-95.7109653239,289.574542429
4.67914438503e+29,-1.51758180737e+17,-1.61246890984e+17,-8.50007613053e+14,-9.05447016453,-1.29751849205,-36.8306112193
4.67914438503e+29,2.72604483864e+16,-9.23678617302e+16,1.31653001877e+17,43.9267062319,57.3448581483,1.59253956548
4.67914438503e+29,-5.03630453627e+15,-2.33653591264e+16,-2.61999456935e+16,-503.157405091,-478.931960025,-196.464583734
4.67914438503e+29,-1.92236566031e+16,-1.64914658053e+16,-2.60245660797e+15,-563.890859278,-481.25412447,-31.5209452152
4.67914438503e+29,-6.98006886169e+16,-1.19870560366e+17,-5.48312701184e+16,-36.7606625886,61.3612463683,-33.3741800055
4.67914438503e+29,-9.45001349697e+15,-1.17355277833e+16,-2.65864053056e+16,-717.02576487,94.9951384791,252.634613258
4.67914438503e+29,1.05755668064e+16,-3.93524381465e+15,-1.85796502321e+16,173.48643395,544.530998371,260.630803096
4.67914438503e+29,2.99756723771e+16,3.84642861724e+16,-8.93422677516e+16,6.9490297481,-55.3604149695,149.491248192
4.67914438503e+29,3.43822657475e+16,5.50656330171e+16,-1.95745030279e+16,-104.241763057,-133.547732388,71.3412951089
4.67914438503e+29,2.8438494691e+16,8.84947706327e+15,2.20884822171e+16,521.190830057,-14.6501983394,-52.3695063358
4.67914438503e+29,-1.50732954735e+16,-3.12544537862e+16,7.52322652741e+16,-40.6934466441,14.4827567634,-22.9679146538
4.67914438503e+29,-2.68417030412e+16,1.35912906045e+16,-2.80488133058e+16,-255.164217156,-236.149561942,-374.881708183
4.67914438503e+29,1.6134199367e+16,-3.38765115973e+14,4.11455034151e+16,188.516265534,-76.5108797019,120.109978328
4.67914438503e+29,9.72746932404e+16,-7.04312330045e+15,2.01895030188e+16,-133.00300489,15.0169002018,-94.4150202663
4.67914438503e+29,2.1085035233e+16,-9.41960950691e+15,-1.09116514511e+16,-276.272870482,-183.355688519,-147.999928762
4.67914438503e+29,5.44265611073e+15,3.4104533088e+16,5.17933016019e+16,-69.2747880496,12.7384925087,-90.818803604
4.67914438503e+29,4.85266729369e+16,-2.05148702366e+16,8.20981735062e+16,-67.2848540258,148.692950746,-102.92541508
4.67914438503e+29,5.61361925933e+16,-4.39242401948e+16,8.96292219934e+16,-24.7132956433,121.335524423,-4.32001829701
4.67914438503e+29,2.92545928243e+16,6.20476081053e+16,-1.96028161999e+16,290.81373564,52.0777135258,-209.204646381
4.67914438503e+29,5.27967543964e+16,-1.91915946953e+16,-6.06575540448e+16,5.70331365968,-74.9989784382,32.2065975257
4.67914438503e+29,-1.79916135733e+16,5.13045039433e+16,5.11991781909e+16,272.487487879,7.9219218533,-99.8068570794
4.67914438503e+29,-2.92188747619e+16,1.60911402991e+16,5.17815112509e+15,80.5189310187,354.01164702,136.465011104
4.67914438503e+29,-6.04384296866e+16,5.18411292375e+16,-5.54028086302e+16,-123.191589636,277.590971598,135.581934344
4.67914438503e+29,-6.10063138441e+15,3.71006401801e+16,-3.15919934914e+16,-65.1087505605,152.205364554,-112.703063531
4.67914438503e+29,8.80637768576e+15,-2.16275148211e+17,-1.07672533543e+16,-73.056562134,9.24287764165,-25.4075607136
4.67914438503e+29,-2.44285544625e+16,-7.72840281972e+15,-4.39334586855e+16,16.7180289399,576.894943407,281.668383356
4.67914438503e+29,2.7178516405e+17,-7.21138550476e+16,3.6724396293e+17,-21.0469730205,14.2983044928,-2.36654357804
4.67914438503e+29,-4.72673995937e+15,-3.82699061259e+16,2.77694664923e+17,-40.7664971427,3.9414065437,9.75339899164
4.67914438503e+29,5.41876246999e+15,-4.18661264218e+16,-3.11913175945e+16,-41.4993847234,359.841849459,318.662745594
