2e+30,2.1069338983e+16,3.20914688733e+16,-1.33426454358e+16,-218.713577117,37.6637758714,-70.8148312518
2e+30,-7.76744262994e+16,3.95456879646e+16,3.12406948628e+16,-64.185709802,-4.55562462016,187.784751272
2e+30,-4.7394430087e+15,2.99094126228e+16,-8.46368001943e+16,70.3009715233,33.0398589201,103.411351053
2e+30,1.34195003984e+17,5.5221485377e+16,1.01628049772e+16,-45.2419186216,-34.9338514504,-39.5079144234
2e+30,-6.84992803764e+15,-8.04971632718e+15,-1.29407710144e+16,24.4968679642,160.681623801,-187.973670947
2e+30,4.01197478911e+16,3.13225692067e+16,-3.19939072406e+16,-153.923897045,-199.445686699,-180.531941551
2e+30,9.56498709712e+16,4.95988479867e+16,6.27481510168e+16,62.8397376659,-36.5002156202,28.007274129
2e+30,1.29472036238e+17,5.34791711194e+16,1.47958178579e+17,-23.6002400296,32.2437754918,13.8613904641
2e+30,-4.39163034655e+17,9.40750734339e+16,1.94664327202e+17,-23.9642780744,1.36315446589,9.92346249108
2e+30,9.17667744412e+15,8.42882926527e+16,3.44315455682e+16,-163.470713671,-74.7463307226,-68.969087254
2e+30,1.5323176953e+15,-8.65918201001e+16,2.90943972228e+16,117.474996659,160.736322526,-40.282020745
2e+30,-6.78150209438e+16,3.38912735388e+16,-3.10971152547e+16,-180.615592179,12.0523136951,27.5990045609
2e+30,1.04209088403e+17,-1.59938868233e+17,-1.12114986554e+17,-20.9706560127,-30.857907343,-5.5787286835
2e+30,1.22507835595e+17,8.39975152436e+16,1.49613884416e+17,-21.5411330109,23.1714185851,23.077473661
2e+30,-3.1576601209e+16,3.92471069583e+16,4.47206152672e+15,45.1222602087,423.139083553,-191.707281282
2e+30,-1.34575094606e+15,3.17275315649e+16,-4.19650436706e+16,-128.818009845,-391.431048662,153.279307501
2e+30,-6.47308831327e+16,2.43608390555e+16,1.65657809382e+16,-288.855539718,259.626475379,-388.140015106
2e+30,1.75349063856e+16,-1.04524336755e+17,3.31069039155e+16,-68.7971976695,-39.5688830169,-54.2442991147
2e+30,-2.87491781851e+16,-3.06186243824e+16,7.45368508373e+16,23.3310541369,8.37626981714,154.192967651
2e+30,-6.15149488845e+16,8.77192850509e+15,-8.99379221792e+16,47.703078291,121.919270302,161.616111418
2e+30,1.35281976334e+16,3.03110942717e+16,-1.34941870872e+16,40.8220070861,-230.67323896,-437.093693797
2e+30,-6.48663755054e+16,-7.48846765439e+15,-3.09210267074e+16,237.67295267,-177.929642225,84.3546053604
2e+30,1.04490850576e+17,9.50097821311e+16,9.67015827077e+16,10.8972787063,81.6008121026,62.5684604785
2e+30,2.2375853364e+17,9.54751102878e+16,-1.71467003808e+16,16.1415737738,-6.93913082436,18.5654193604
2e+30,1.92694226426e+17,1.51860573961e+17,7.3225190191e+16,-31.4768090532,-5.28307300169,-0.322776762812
2e+30,6.11460572713e+16,-5.23615151163e+15,9.32178309166e+16,31.7138286861,-18.523427622,91.7347325211
2e+30,-1.06694088163e+16,4.96558912223e+16,5.77892365125e+16,-35.4686448154,-84.8187621096,20.4619686232
2e+30,-9.46794927502e+15,2.35091175016e+16,1.449606799e+17,-125.378651361,-32.4214271979,-23.1890619641
2e+30,-5.61503605908e+16,-4.44214246106e+16,3.98804039054e+16,3.46562502233,-1.31988528151,74.2574880384
2e+30,-8.43291344925e+16,-3.7675313556e+16,-1.58716708547e+17,37.7050747806,5.52866762703,-37.7769449147
2e+30,1.15503233725e+17,-5.22982386364e+16,-1.93907068912e+15,42.2278736746,81.3631427088,-84.0448803243
2e+30,5.68548387953e+16,4.88881428767e+16,5.83586862253e+16,-109.890054829,-27.0915344107,264.184407335
2e+30,-4.27551436838e+16,-1.11105992284e+16,-4.49902289361e+15,394.330379692,40.4448704089,116.847154735
2e+30,-3.46563771468e+17,9.07788316028e+16,3.66459811105e+16,-5.61220110622,-2.31506397073,7.42794493099
2e+30,4.43203521771e+16,1.50981618462e+17,7.25496193253e+16,45.4606081366,-14.0282147216,1.09809702162
2e+30,7.34779460987e+15,-5.58847023871e+15,1.17045037999e+16,288.909598471,-279.587110313,-222.113215347
2e+30,-2.14906972571e+17,-3.55964632387e+16,2.8729698077e+17,-26.9343841278,-1.25237195749,29.9137632427
2e+30,-7.44818417106e+16,-2.9220179332e+15,-6.12532419815e+16,15.3856582208,164.154875416,-28.8922678948
2e+30,-1.75723221558e+15,4.7919750577e+15,-6.39221277998e+16,-127.963309388,25.2995586888,95.9591829299
2e+30,-1.19346328698e+17,2.21683220501e+16,1.79623697048e+16,-139.605023037,-85.157468143,38.6140179202
2e+30,-3.66896238755e+16,7.1054511947e+16,1.20506164276e+16,-185.056243595,-67.4540992977,-223.282077776
2e+30,4.45743242155e+16,-1.53333184299e+16,5.31772543731e+16,227.431255301,-69.6233948001,-126.555820607
2e+30,-6.36359558046e+16,3.16215468082e+16,-3.22613428187e+16,69.525401655,49.6909914594,48.9014405601
2e+30,-6.94702365317e+16,-9.55256676665e+16,5.72773764389e+16,-39.6503572813,129.944939681,-9.19500170433
2e+30,-9.65625281457e+16,4.4478691697e+16,-1.10391122542e+17,52.2571214663,-32.4315829902,-32.3386349576
2e+30,-6.94419250614e+17,7.22467389219e+17,1.14012183945e+18,-19.0638043618,4.24689099924,6.44279055642
2e+30,-6.39134424622e+16,-1.41459273577e+16,1.47308230526e+16,-146.080031244,82.639916817,-229.501720766
2e+30,8.09218146342e+15,7.62664351748e+15,-2.72646970285e+16,-40.9378901238,-355.709302465,-63.866905466
2e+30,2.92407837473e+16,-4.19657357941e+16,5.71579567275e+16,63.276993376,-183.348371516,169.939084724
2e+30,-8.98582231585e+16,-5.71971419178e+16,-9.12382046769e+16,89.6527165752,24.4321297225,-58.0673950453
2e+30,-5.94318665042e+16,2.69769389375e+16,5.33580293912e+16,-6.46302984754,121.097806966,66.9238441808
2e+30,-8.18204706315e+15,-4.45418516614e+16,3.35114725488e+16,-130.584326388,109.17814902,9.90358406968
2e+30,5.88883527384e+16,-4.50935751107e+16,-1.48115366903e+17,-71.7158798213,89.1406610937,-0.866541457258
2e+30,3.72034867076e+16,2.51979010664e+15,-3.11745413049e+15,-71.451585802,79.1041392449,0.795986873808
2e+30,1.4275963786e+17,-1.34215378786e+16,-5.93418825677e+16,-40.5429541792,-128.438263377,-3.69854430271
2e+30,-7.27591322803e+15,1.71429792626e+16,4.88209853677e+16,142.745819762,0.428402476192,213.012197599
2e+30,1.49329469477e+17,1.54403829793e+17,5.7915645838e+16,-49.8286965665,28.638025524,-15.6791235116
2e+30,-1.74725503312e+17,-2.93200298364e+17,-1.92595615804e+17,-14.4213437619,16.7801066474,5.50172850119
2e+30,3.26902706691e+15,2.7695056626e+16,-6.07801688371e+16,-14.2139623313,-259.373095339,191.343468138
2e+30,-3.35797758394e+16,2.34802961978e+16,8.44829300016e+15,384.395896476,-359.580062628,142.681653447
2e+30,-3.87538261703e+16,-1.05941482947e+17,-8.4077787965e+16,14.1766678536,-37.3559068055,1.25146927092
2e+30,1.20100979858e+16,2.47257615224e+17,-4.57209474831e+16,8.3298301741,3.84591118583,8.00043374245
2e+30,-3.40801772411e+16,-2.01007233241e+16,-8.43828368476e+15,134.984085605,-236.445242526,-153.605911957
2e+30,1.29553537027e+16,-9.03782041154e+15,2.70284944673e+16,226.996433945,224.629288723,-77.0864188143
2e+30,6.10134966748e+16,-1.34390350624e+16,1.1646364621e+17,-5.84760669337,-9.15790535651,-133.66136765
2e+30,-2.72353719043e+15,7.58255976516e+15,3.36136801462e+16,58.7243665784,105.483544325,138.53877981
2e+30,-2.85392093953e+17,-4.07945103582e+16,8.03220709415e+16,17.4565483118,20.5767547029,-15.380534086
2e+30,4.12813202701e+16,-1.5637851533e+16,2.26458289269e+16,-99.8994850368,-261.606151661,45.3656307094
2e+30,-4.72403281052e+16,-1.09316699711e+17,5.47720339266e+15,-104.10369686,-68.6741406668,13.1214913706
2e+30,-3.25133145071e+16,-1.03444084067e+17,1.7097897367e+16,70.8964395413,-6.44901899289,5.60372348068
2e+30,-2.17597699403e+16,-7.01946378041e+15,-9.99141639254e+15,324.80529049,-138.64937583,1.40299089345
2e+30,8.68472387647e+16,-3.30004720384e+16,-8.308168029e+16,26.0085458219,-65.8160956573,141.050093963
2e+30,-4.53977004973e+16,1.56978831209e+17,3.69204843755e+16,45.099841703,35.7694744143,-7.9355172295
2e+30,-1.49306192963e+17,5.37578265176e+16,-1.10731810356e+17,-38.4788566357,-31.7351731254,21.6024747258
2e+30,-1.05251897102e+16,-8.34422860268e+14,6.53204024325e+16,14.3489667577,-40.2733327405,105.828770514
2e+30,3.19790155724e+16,3.18146438417e+16,-3.06557064338e+16,-96.9574227279,197.512984271,-10.8796296158
2e+30,-3.3745413477e+16,1.60769422223e+16,5.72865137863e+15,183.030171102,-117.708620909,-325.262351211
2e+30,1.52693897917e+14,-2.82267672576e+15,8.68636381658e+16,-156.028071709,-160.271586854,-0.619908846117
2e+30,-9.91678648153e+15,1.51710117668e+15,2.95466799266e+16,-79.2449071654,-141.496691683,-451.90402312
2e+30,1.62093396038e+16,1.90553443003e+17,7.08575019889e+16,1.57343542114,-15.0674441475,-13.4667842389
2e+30,-2.55184673259e+16,2.28583632994e+16,-7.6986512159e+15,203.896414516,474.973252181,294.702925097
2e+30,1.83940775441e+16,-5.31743102961e+16,8.77204713193e+16,-25.28445733,-35.2697194725,57.5338979914
2e+30,-4.84014442643e+16,1.62034110989e+17,-1.88872444275e+17,3.7973591019,-17.5374568043,-6.38950182425
2e+30,-8.68118814291e+16,7.21145493345e+15,-9.32423687796e+16,43.2062370229,83.8301810298,-83.9178989571
2e+30,-9.26098828587e+16,-8.89984128696e+15,1.03511115968e+17,-135.962759902,3.93122453591,-5.37113615589
2e+30,1.01738693254e+17,-6.57670348064e+16,1.33626587103e+17,-0.0426796550652,-36.3575271685,49.3837644072
2e+30,1.08180494749e+17,-1.909936676e+16,-8.80941145181e+16,-96.3162239784,-82.1358806037,10.0846663891
2e+30,-3.5947796184e+16,1.55443750728e+16,-3.42602413171e+16,327.193687328,249.912879017,-155.800038149
2e+30,4.55013614444e+16,2.44176048748e+16,1.15476210668e+17,-40.0022694261,-8.74722642239,-65.9214765574
2e+30,-1.21295206404e+17,-2.3539302024e+17,5.45357595835e+17,-21.3910107576,4.79811471753,11.4435466426
2e+30,1.53435273628e+17,2.07268550268e+17,1.35661534439e+16,-36.5617835715,-3.25309772342,-7.3827377642
2e+30,-1.45709793986e+17,1.63137413811e+16,-6.00634232216e+16,33.0529909011,-15.978304545,70.1973907826
2e+30,-1.66410157199e+16,4.13761925314e+16,-6.2594740239e+15,397.26928142,-75.2248146604,46.3757324697
2e+30,-1.3221143348e+16,3.73536852691e+16,-3.42758895383e+16,69.3483887692,-32.8506992489,-165.280850189
2e+30,1.95075299284e+16,-2.46597685284e+16,-4.86638043709e+16,253.749195666,-112.209620911,209.369500725
2e+30,-3.61720688159e+15,7.19222304433e+16,-7.4362351951e+16,-96.1407230135,23.889785643,-114.537773143
2e+30,-3.45637808183e+15,-1.57228244988e+16,1.17428502515e+17,-7.75423689033,62.5788431395,-109.668876588
2e+30,5.58637609843e+16,5.12583894449e+16,-2.78757223819e+16,117.685568285,-149.749998554,248.80970972
2e+30,-5.10567614772e+16,3.16610912821e+16,-2.69659974867e+16,199.451107579,-139.674224881,-380.383070325
2e+30,-4.45007464724e+16,1.67725409854e+16,3.79826992479e+16,85.8746075081,415.420047992,-181.741439102
2e+30,1.4544355244e+16,3.85716985235e+16,-2.891217791e+16,-404.086567193,-118.625568237,549.889502057
2e+30,-3.69869049279e+15,9.32173002781e+14,-1.73755491417e+16,-8.51122603024,419.902582458,30.8529247367
2e+30,-6.53859443633e+16,8.3242651849e+16,-1.55182897024e+16,-16.7795026218,-155.553429539,151.819946453
2e+30,-5.38691503206e+16,3.58676345042e+16,5.06900295555e+16,65.2358158945,130.757505836,-193.983132072
2e+30,1.09234477969e+15,-3.07951714894e+16,-5.21554515166e+16,-81.9558521656,298.64628532,54.2921117416
2e+30,-3.30981865228e+16,-4.36153135237e+16,5.47580902899e+16,166.846816681,-60.3241612513,-127.852652329
2e+30,-3.47783449806e+16,2.38662836346e+16,2.36454245211e+15,32.0469079694,203.699697282,-600.828263923
2e+30,-2.24712829408e+16,1.41120628327e+16,-3.19777567576e+16,512.236100599,-296.673506897,64.2298966623
2e+30,-1.44367237175e+17,2.69945718259e+16,2.96950923266e+16,20.3873250305,104.215173234,4.06818319502
2e+30,-7.41422244964e+16,-1.04213966251e+16,6.56925833879e+16,101.610550168,36.330033307,62.1276024885
2e+30,-4.13400629971e+16,1.55798532824e+16,5.7897904586e+16,-103.38037485,-37.1222589893,-325.76481243
2e+30,-6.53635796453e+16,6.28582822231e+15,-6.595749045e+16,-234.306837982,104.768906838,132.454953454
2e+30,1.10788189289e+17,3.67641143957e+16,1.42011904198e+16,-35.7281622029,-29.4705724874,133.608085162
2e+30,-8.88966616973e+16,3.99892468933e+16,7.78245032298e+16,98.2567467476,-20.2622333034,-13.5357730956
2e+30,2.03300667756e+16,3.1567011653e+16,-3.31053587154e+16,-239.698238145,189.670906131,303.586246322
2e+30,8.11497933122e+15,-5.26683546538e+16,-2.22108025029e+16,145.771691792,140.872534703,151.346387791
2e+30,-1.27924240592e+16,5.21262943978e+15,-2.80956725308e+16,-130.326603868,-588.577420019,188.025721771
2e+30,4.9857781286e+16,-1.83975350543e+16,1.77867260266e+16,-193.055151285,-25.6920188452,-137.28900131
2e+30,8.88631641472e+16,-1.16590166936e+16,-1.22868671811e+16,-236.223026222,-22.607065231,22.8648319213
2e+30,7.76144943702e+16,-3.13055063728e+16,5.92020658852e+15,84.0769009785,-153.028210235,-86.420843343
2e+30,8.42495151898e+15,-1.54900332104e+16,2.92729970365e+16,233.150619628,-203.215798941,279.053517644
2e+30,1.95982038181e+17,-8.2864273855e+16,-8.68180258458e+16,14.243485441,-35.5814480987,-14.0916492875
2e+30,5.06099926587e+16,7.41774314215e+16,6.18979037796e+16,-21.7886089134,-103.847898315,-55.2585736746
2e+30,-7.43954956704e+16,6.10988762527e+16,3.44790570679e+16,225.580582463,58.81042534,21.7075260999
2e+30,1.71026019916e+17,-8.28398553791e+16,4.88885701713e+16,3.94556155589,-1.67937090062,9.25085831084
2e+30,-1.62490278727e+16,-3.9734609623e+17,6.93717278959e+16,-15.6987755583,-17.1368648818,7.94697095828
2e+30,-1.36545061291e+17,4.99840695484e+16,5.7863003585e+15,51.0487308684,67.2619762696,22.231522837
2e+30,-4.24686519193e+16,-2.9566283898e+16,-4.38868070547e+15,-406.238292165,-40.7262567642,-98.72057028
2e+30,5.37264088747e+16,6.81170225999e+16,-8.3580646394e+16,-157.179650305,113.364519186,58.1797377938
2e+30,1.54731595173e+16,-4.15241887566e+16,-3.68278388481e+16,-118.674087466,-29.684955713,-161.384357135
2e+30,-8.82467635776e+15,3.55242690422e+15,2.82009812317e+16,134.809142562,-113.993110321,-69.7781490224
2e+30,-4.90587040815e+16,-2.02144787333e+16,3.859126085e+16,-123.324250145,-118.4860608,-40.8929457693
2e+30,-3.55000684313e+16,-7.17718841379e+16,4.60345579892e+16,40.3097866759,-74.0433517319,269.533681043
2e+30,4.84066739473e+16,-2.36288705059e+16,-6.91038079044e+15,-44.4751484317,-87.7490843903,390.52617808
2e+30,1.52178707548e+17,7.88892591297e+16,-8.98224100162e+15,43.2113465562,16.5614539587,-6.17089664446
2e+30,-1.63276638025e+17,2.53756236041e+16,1.3561311869e+16,-60.6979563546,-38.7211111888,-40.99572514
2e+30,3.21559771883e+16,-4.08479933976e+16,1.58296310969e+17,-12.9935346587,25.5511740998,-50.6752619028
2e+30,-4.05943099881e+16,-5.33612425792e+16,-3.98103637308e+16,290.625127807,-55.9677761032,-129.665168966
2e+30,-2.00151063794e+16,-1.04131401123e+16,-7.8342216546e+16,-139.309059172,3.9412541108,29.5222917397
2e+30,1.64768208611e+16,-9.98652683097e+16,3.40505910315e+15,-213.242697327,95.2321521667,-70.6251600402
2e+30,1.24129752059e+16,-2.44713081492e+16,-7.73037560549e+16,106.241208502,-253.865106931,139.08655329
2e+30,7.41412232079e+15,9.93193960393e+14,5.97064939298e+15,-75.9894989853,166.043636598,-204.954681893
2e+30,4.43696526198e+16,1.06502421392e+16,1.97367329619e+16,113.114440852,134.829363371,162.2869872
2e+30,9.02760338822e+16,-9.55010496564e+17,-8.66646270448e+17,-18.5230595166,4.05241940471,7.15893193186
2e+30,-3.91214922678e+16,2.27518434237e+16,-2.8169313317e+16,201.234682206,-372.940662535,-302.082357447
2e+30,9.19392927387e+14,-3.23155446218e+16,6.71327651887e+16,165.942564009,41.9892559861,-114.355801949
2e+30,-2.7132580123e+16,5.8348603272e+16,2.20527966836e+16,-234.578480804,308.425371422,162.216797161
2e+30,-3.01722611647e+16,-6.09109066407e+16,-3.3344311924e+16,21.5119250984,202.362535771,-196.435831897
2e+30,2.69235132969e+16,7.95778594238e+16,2.60829457017e+16,-329.435257295,-158.592717057,34.2592646034
2e+30,-1.67164158441e+16,1.1892219675e+16,-2.20388010062e+16,316.8106199,438.28183142,-341.360248331
2e+30,-5.34320765881e+15,3.74950383994e+16,-1.18987175806e+17,17.45427373,21.9963789316,90.5505622552
2e+30,2.87732683701e+16,3.01291385529e+16,-9.09044927209e+15,68.5992879849,138.292785303,291.280527407
2e+30,-2.74925907647e+16,1.27174477422e+16,5.37838817218e+16,-48.7816003044,-140.268816538,-196.603304181
2e+30,-1.1744873845e+16,-1.91130628624e+16,1.71553654314e+16,-163.793335924,303.326925723,-99.4281432388
2e+30,3.73084188775e+15,-2.93160610142e+16,-4.98176701773e+15,-296.762309261,-249.099735667,-317.642037124
2e+30,1.32357824492e+17,7.87738712231e+16,-1.17731804287e+17,-13.4195410385,4.3049348431,53.8839170182
2e+30,3.39247415611e+16,-6.96138707511e+15,-1.67898380536e+16,554.570061763,71.6607051271,-191.205304156
2e+30,-6.51568574462e+15,-2.34613128353e+16,-3.51615486586e+16,124.053161177,-92.9157536134,-125.639181656
2e+30,-1.44289887327e+16,-1.24409337057e+16,-2.58841885052e+16,-163.65027032,-30.011681958,622.623228356
2e+30,1.51423378172e+16,8.3086816892e+16,4.78418032069e+16,148.24457534,22.9452474812,-0.212049871366
2e+30,-1.41723213558e+16,-4.73053784243e+14,1.03043743803e+17,156.687490421,-109.181277749,78.8349068306
2e+30,-9.24436708379e+16,-7.08330343546e+16,1.58777135881e+17,34.7612971969,42.7991151782,3.62459861904
2e+30,-1.09986689045e+15,1.02833455279e+17,-3.11905216929e+16,5.96531755386,152.598986894,-11.924368346
2e+30,3.93378692989e+16,3.87489052241e+16,-5.15203184433e+16,2.78239444477,-384.641503717,70.8171594589
2e+30,-4.17058587968e+16,3.45220675246e+16,7.32814825418e+16,-201.520373365,-34.3554696341,-102.206553489
2e+30,4.40545546007e+16,-1.72849835004e+16,-3.42135846925e+16,167.472055761,63.2978162873,-135.990706826
2e+30,-4.19268745314e+16,5.44820128501e+16,-5.32185250083e+15,42.8002434945,-26.2056268606,59.7098914467
2e+30,-3.49432067617e+16,1.62778462269e+16,1.85250517447e+16,-76.656992493,-155.646198793,229.300408536
2e+30,2.82767765192e+16,7.09654763994e+15,1.08192844276e+17,19.252489277,-12.4452831787,71.3767165316
2e+30,-3.88856873793e+16,-2.35593450899e+16,1.89407481517e+16,59.4200768213,-107.859261284,226.516102306
2e+30,-2.79899216126e+16,-2.73816596492e+16,9.06008905149e+16,-93.7917209289,47.7418136239,45.7948881075
2e+30,8.38842137107e+16,-7.65733241425e+16,-6.90247956634e+15,-123.498641979,40.7578577251,-84.1889035223
2e+30,4.1104037947e+16,-3.92479183411e+16,1.84428170053e+17,-37.6074197051,15.7754395523,-49.8667035038
2e+30,2.16398950333e+17,9.84935393824e+16,-4.64308545686e+16,-38.0779871993,-6.93862200088,1.41902943134
2e+30,-5.31239278373e+16,1.22340390536e+16,-4.0178804889e+16,143.997683114,-337.330449312,63.3398693961
2e+30,-6.6329446826e+16,2.16767908173e+15,-9.40942074692e+16,-146.217055261,-109.331296485,-103.946262803
2e+30,3.67511849942e+16,1.45139178796e+16,-1.36655254021e+17,-101.688901121,25.2078588472,23.1687700589
2e+30,-1.30254816894e+17,-3.5294284629e+16,-1.62571892269e+17,36.4294437699,40.9743116294,-31.2741710214
2e+30,-1.29743464275e+16,-1.06970189717e+16,-7.72982986063e+16,-29.9147843278,48.4185558531,281.500606385
2e+30,-2.18377390107e+16,2.89930437506e+15,4.86795465719e+16,-243.769761117,327.572264576,31.1822867961
2e+30,5.51199164892e+16,1.06599428937e+17,8.70505075841e+16,-82.2795672368,-28.0979348758,-66.8711910418
2e+30,4.20573990338e+16,4.78428721764e+15,-4.21419065467e+16,-152.38479823,-113.857195166,237.031894065
2e+30,1.40274397267e+17,-9.05618870985e+16,-1.5276468659e+16,-30.7209075087,-9.12306269567,-36.28865333
2e+30,-5.28068782632e+16,-1.14616810938e+17,8.00909628974e+16,75.3663047453,49.0383827579,15.52733386
2e+30,2.33382804133e+16,-4.57859436428e+16,7.47791336614e+16,164.545431279,102.871138366,-94.1394497172
2e+30,5.4884782564e+16,4.73045590361e+16,1.30007260171e+16,-25.693903564,-178.656742274,156.893209237
2e+30,-1.277104881e+16,7.12470465452e+16,3.15482435019e+16,-84.7909451911,65.9356819435,128.722212656
2e+30,-5.96027104607e+15,-6.94145383075e+16,1.5722813718e+16,-85.7190170966,-176.88426993,-76.4566612272
2e+30,-1.16780830521e+17,7.24238953552e+16,-3.9827308452e+15,139.088417292,-82.8244381731,-10.2152780133
2e+30,-4.78994408442e+16,1.3446455299e+16,-2.52015516196e+16,56.3636519647,43.2840605391,-241.94082721
2e+30,-1.10918010317e+17,-1.91415732529e+17,-6.85460288076e+16,-5.6857233012,4.20046070072,37.3649600246
2e+30,-7.80023362757e+15,3.38295765243e+16,-4.3721269597e+15,-45.1179438545,92.9383068906,438.906492778
2e+30,5.93105731322e+16,6.80876715273e+16,7.71989775864e+16,11.7914598939,-149.669642322,-9.0688237327
2e+30,2.29784386865e+16,4.40556568536e+16,-6.9261549485e+15,335.386199558,-18.4422113579,-130.52564317
2e+30,7.17907994416e+16,4.969757216e+16,-2.94267834871e+16,85.8978207133,-80.9933480697,56.259965153
2e+30,2.85999010193e+17,-1.38088842421e+17,-5.55802592267e+16,-19.5039766701,14.0366755852,0.910122054495
2e+30,5.54262789193e+17,-4.26679042161e+17,4.98497750942e+17,-17.8585835331,4.23559813357,5.09582534457
2e+30,1.06000080871e+17,3.57679917651e+16,-3.17511163943e+16,97.3156458396,128.333072573,37.394210779
2e+30,-3.13308719068e+16,7.44684321013e+14,3.47892846287e+15,-355.540974692,-539.700243217,139.71443733
2e+30,-2.79286304502e+16,-3.80395459363e+16,-8.63397976004e+15,-67.381151279,-75.5690856799,-224.886325712
2e+30,-1.76032435054e+16,-2.23406748866e+16,-4.87800178704e+16,-192.35724063,-341.527561051,-164.57016188
2e+30,-1.55278921922e+16,1.71588704949e+16,1.81805091206e+16,-433.65384643,-571.618487628,11.3851194091
2e+30,-1.07187871583e+17,-5.98088058773e+16,-8.89960234593e+15,-9.51579121273,18.2742958487,-52.4790857845
2e+30,1.57883454369e+17,-9.6939378091e+16,-4.61706346743e+16,-41.4615134251,-6.1060928895,-7.19871505715
2e+30,-9.45319359506e+16,-6.62513556828e+16,2.90522803039e+16,1.42768678948,-42.8947436367,198.217065805
2e+30,7.06421665496e+15,2.69594238701e+16,5.52418681597e+16,-134.821763186,25.3263463201,219.159880257
2e+30,-5.1494737695e+16,6.20703810553e+16,-7.89783007538e+16,-79.825694874,-156.182903651,211.443086115
2e+30,-1.00051998202e+17,8.92251532528e+16,-3.06699792606e+17,-1.98928373456,14.7314896102,17.1775549094
2e+30,-1.81232363351e+16,1.28014641048e+17,-3.99712272728e+16,-135.141966124,66.21745742,-23.3993214388
2e+30,-7.68801146213e+16,-7.48991815578e+16,-8.29317019893e+16,-25.6453370716,-139.252003669,4.48005338907
2e+30,2.28334765041e+16,-9.9324350078e+16,6.00527634605e+15,119.819267487,-47.0151203749,59.5772572857
2e+30,3.72456305162e+16,-5.40405073241e+16,-1.82444493121e+16,-169.309449679,-166.90960152,-0.721430092396
2e+30,-5.91509882814e+16,3.94708615815e+16,1.06493812413e+17,54.0283890748,122.004713086,52.9035339812
2e+30,-1.08191061898e+16,2.18116207755e+16,-5.70268724156e+16,-287.831619178,352.532171427,-95.7798731797
2e+30,-5.46246846144e+15,6.17010589913e+16,7.45463871021e+15,-36.9141586491,333.540995747,-263.58629005
2e+30,1.6049969011e+15,1.55432459591e+16,-4.8574285061e+16,218.551531943,344.148743509,-186.8483311
2e+30,-4.80865846418e+16,4.16436266953e+16,-5.90642755818e+16,4.35011516023,195.331136352,-20.7223506288
2e+30,-9.06479940534e+16,2.60113345295e+17,2.46943229473e+17,1.31785287452,-3.38122866697,11.2436113689
2e+30,3.87242090854e+17,4.70633395827e+17,2.09836033979e+17,-14.8965427886,7.47420273305,4.4333688215
2e+30,-5.49516136071e+16,-1.72915923426e+17,-3.50083402694e+17,-16.239389613,-2.46860249999,2.23393405732
2e+30,8.72605632342e+17,3.86089654189e+17,-1.92921246477e+17,-17.0071701657,3.54398572506,8.9393346809
2e+30,6.38656660055e+15,9.40328485405e+16,-6.22618564573e+16,-11.6566952048,-14.8476413966,2.3921353594
2e+30,6.4965206474e+15,1.19135708919e+16,9.71463687221e+16,137.49348458,-13.724785709,12.2104278732
2e+30,-1.35285679748e+17,1.25380216487e+17,-5.17933990574e+15,-67.4709819094,22.8541372807,14.0375260827
2e+30,-3.24741928459e+16,-4.96237276172e+16,2.4574312697e+16,144.452210591,-136.232442369,-68.8728766742
2e+30,9.34665462004e+15,3.93521985597e+16,1.47539057598e+17,-71.724257026,-117.42315528,27.9547961383
2e+30,-4.99057038775e+15,-2.1587942919e+16,-7.69947104004e+16,30.5680571923,119.602655073,-96.1082610836
2e+30,-4.66189874231e+16,-2.28003713125e+15,4.85047005793e+16,-290.432981691,-292.89104474,-261.828827891
2e+30,1.09442566835e+17,2.17438607452e+16,6.38704114054e+16,-90.5071732229,3.02179355895,10.557595997
2e+30,-4.14072841572e+16,-5.23197802757e+15,4.98535303588e+15,625.197484278,202.050124242,-13.0126831777
2e+30,-4.41001270634e+16,-1.08331599627e+16,1.58013990722e+17,8.23622421635,4.71745024382,41.8102875098
2e+30,9.64432948465e+16,-3.35620473531e+16,1.2014708749e+17,56.8915798805,43.7841859864,3.18105557479
2e+30,1.57775522042e+17,-1.85944201159e+17,-9.41345827738e+16,-14.2009573939,24.088001335,-5.42458317364
2e+30,-1.40806327268e+17,-1.40479371071e+17,-4.45551922088e+16,-41.0858582375,-12.7244543633,6.23108460001
2e+30,-1.72069431825e+16,-4.79578069579e+16,4.95410067494e+16,48.3525831477,47.2138324862,18.2008204898
2e+30,-2.35001338792e+16,-7.53946898794e+16,-8.19094087746e+15,-218.219548357,3.10023744045,-271.956785075
2e+30,3.24150631377e+16,8.75018764313e+15,-7.24712405617e+16,-140.356331004,23.0884728756,-99.7425330254
2e+30,2.09585739726e+16,-1.31748231289e+16,3.59141850743e+16,-100.935650661,-446.793518651,181.976306431
2e+30,-1.55583373762e+15,2.01993594349e+16,-4.16459238868e+16,-47.4306680242,16.4802309543,265.021295262
2e+30,-1.17687070088e+17,-3.13870013891e+16,4.21170585195e+16,-51.0964296826,-143.380211571,-84.8713543324
2e+30,3.05345822413e+16,5.87328865907e+16,3.24295461583e+16,186.981676593,-103.420439391,-77.7458775838
2e+30,2.75247919051e+16,-2.94157745886e+15,-6.09408401216e+15,332.632030576,336.74326083,-213.926367192
2e+30,3.12407924101e+15,4.82966075311e+16,-3.45454822585e+16,504.579879448,284.544473899,25.7140893433
2e+30,6.53017133814e+16,-8.43125638215e+16,-2.84700009946e+16,-147.396216063,8.73266049202,-88.7522651408
2e+30,-5.78279829083e+16,-5.42936301847e+16,1.01833794543e+16,116.082217728,221.848584951,-162.722134067
2e+30,1.90031216369e+16,-3.55826830687e+16,-1.28350347858e+16,-125.328830008,-43.6640762069,-293.590903554
2e+30,1.55497362582e+17,1.21891298288e+16,1.1745252486e+17,-6.89810909378,50.1018736724,-47.4261082628
2e+30,2.80701343459e+15,-6.40740762698e+15,-8.61859611124e+16,182.407228924,61.2398062104,5.09972138152
2e+30,-9.04703061691e+16,-8.53865325418e+16,1.0460938868e+17,-79.494363864,15.0735614494,4.49511702084
2e+30,-7.40759342563e+16,-3.24021013719e+16,-3.23766266071e+16,159.849624183,-4.03924825334,166.561013418
1e+30,3.71800950783e+15,6.12999628716e+16,1.50971875783e+16,145.167405521,-317.660273554,-204.579818497
1e+30,1.7976025032e+16,-7.38112071004e+16,9.05318782857e+14,4.50506385089,-45.44220121,253.885574795
1e+30,3.98342812725e+16,-2.46885902844e+16,-2.2312791659e+16,238.498319222,81.0937378504,-12.2332247943
1e+30,-4.94031877204e+16,1.15659123999e+17,-1.04760414185e+17,-17.0764501356,52.2236260716,15.7598862819
1e+30,-1.74237579849e+15,3.13419272739e+16,-1.05618620553e+16,-220.176075395,-424.385556695,-112.206823505
1e+30,-5.21457462135e+16,1.73783673592e+16,7.05404828197e+16,126.743791696,17.5633099857,-63.6196601567
1e+30,-6.6034020815e+16,-9.01014250835e+15,-4.56589715566e+16,93.6856509401,167.74121248,-346.518633859
1e+30,9.29213566757e+15,-4.66340269413e+15,-7.10124947904e+16,162.494574799,129.540290586,102.132286408
1e+30,-8.25691562988e+15,5.58292974545e+15,8.02597556375e+16,66.2121218431,-106.496084987,167.239323765
1e+30,4.06711445322e+16,1.48162805063e+16,-7.34485138511e+15,-195.834018985,-221.051909366,61.0143446179
1e+30,7.76335047157e+15,6.14723256764e+16,1.50982953407e+16,207.314297608,-434.879083392,59.7382383734
1e+30,-1.24911250291e+17,-7.27337099603e+16,-6.59649411365e+16,-29.3123304216,-30.7917037179,6.70049540384
1e+30,-1.47738210954e+16,-4.6975918701e+15,8.92988626881e+16,-176.723752613,-156.194504029,51.3563453882
1e+30,-1.15258483584e+17,-3.26891690885e+16,1.07443793086e+16,24.3821335044,-19.9915720631,-20.8946911162
1e+30,-9.20465137243e+16,-1.97696480484e+15,-4.08411416823e+16,223.47497212,-11.2947083445,131.000585278
1e+30,-3.59696488898e+16,-1.03820415849e+16,-3.48430128236e+16,-312.842987991,237.468773449,37.1662088321
1e+30,8.24648327896e+15,-4.3360703972e+15,2.74335696037e+16,-28.8050384443,334.093051619,162.077627594
1e+30,-4.89920120236e+16,-2.95624815497e+16,-2.31142982409e+15,-163.432500499,-17.1862584349,-206.508286687
1e+30,1.16382019761e+17,-1.13334839222e+17,-8.0482415666e+16,-8.41838131122,4.76110057209,-26.3535463378
1e+30,-2.83812990458e+17,4.62479093477e+16,-1.33106986043e+17,-23.0820623371,-10.9127339323,4.60790354088
1e+30,4.90664921035e+16,4.60639394621e+16,8.88752643924e+15,-35.691621721,189.271453834,473.501451481
1e+30,1.68742988733e+15,-1.78227058614e+16,5.95684350831e+16,95.5787253646,-182.970742624,181.212621595
1e+30,3.52212328829e+16,-3.6906829434e+16,-9.2236442117e+16,55.8230749477,108.292412454,99.4900260393
1e+30,6.87949600852e+15,1.35113792158e+15,1.74204385535e+16,-14.9312529643,35.514483729,106.125092123
1e+30,6.77190158945e+16,1.91289722157e+15,1.45021150273e+16,158.475218791,162.123125454,-270.814916229
1e+30,-8.9112638514e+16,1.4274103834e+17,-9.19793457023e+16,17.0573184118,9.5570007047,-29.9112288377
1e+30,-2.81875817957e+16,-1.50086842919e+16,-9.11077534911e+15,15.1677265568,206.882639266,-347.930649227
1e+30,6.97897715411e+16,-1.03368992115e+16,-1.99386237367e+16,-93.9520425637,-99.8694007023,-59.5025800452
1e+30,3.66024193707e+16,-8.4461357555e+14,-2.14409694932e+16,-3.32368225191,49.9058002218,-432.433264259
1e+30,-3.2316390523e+16,-7.94438850365e+16,1.20294068222e+16,-190.838118887,-78.2102348647,-74.4078020197
1e+30,3.56630358399e+15,8.26233600841e+16,-1.15681540288e+17,-77.570959229,-121.287546068,3.83017241715
1e+30,-4.51368522596e+16,4.922735159e+16,4.61632231053e+16,61.6446969898,352.337474948,73.7880744642
1e+30,-3.80891722596e+16,-9.48792460252e+15,-1.6679205136e+16,101.182178004,281.321742146,-297.602253026
1e+30,-3.54237149008e+16,7.9147524277e+15,-2.1497944304e+16,269.813368698,-90.0061129798,-174.273209632
1e+30,7.7576599766e+16,7.11477748885e+15,-6.28011750165e+16,82.706975116,174.109973196,-61.8853602185
1e+30,8.05287794187e+15,3.17105280284e+15,-5.91683037415e+15,-371.314336907,680.045918505,362.706723439
1e+30,-6.9016966271e+16,5.73568302454e+16,5.45683536779e+16,26.6781318884,130.187475503,-100.149396003
1e+30,-4.53072552907e+16,3.54334667595e+16,5.53780033241e+16,-155.669384524,200.633692992,160.984150127
1e+30,-7.11497713555e+15,4.39084622259e+16,1.0848939383e+16,-81.9076053426,170.795385018,-560.722491221
1e+30,-5.13002965131e+16,1.68755461013e+16,-1.64160572674e+16,522.926871198,-134.174776473,108.989908457
1e+30,7.55948784522e+15,1.35566461168e+16,-8.86181824499e+16,76.2553828907,132.323664479,-97.2257912613
1e+30,-4.79877704882e+16,-9.31021663091e+15,-1.55151479786e+16,178.311085086,-367.988806021,-114.775947097
1e+30,3.67236215394e+16,3.68968723197e+16,6.57905586196e+15,-179.435511547,97.7074440135,-126.074008022
1e+30,-1.93966637063e+16,-2.81954660639e+16,-4.05086979617e+16,-81.059997569,-75.9838920665,433.768155091
1e+30,-1.52655571361e+16,1.0959571689e+16,-3.69906141373e+15,630.757579382,-134.313016466,71.8148141877
1e+30,-7.81017256376e+15,-2.90840843295e+16,5.52174126102e+16,283.914474317,75.2483825894,4.25678640919
1e+30,5.72277068561e+16,-1.0724360885e+17,9.13739377158e+16,-36.5928382375,-8.47705126947,-63.2361571167
1e+30,-4.48871153757e+16,1.86606604905e+16,7.53974178287e+15,-225.781166731,114.815559328,3.45997437888
1e+30,-3.5654153753e+16,-3.26305893424e+16,-1.46780645489e+17,-56.809558556,-57.1302018789,-63.5586475678
1e+30,-7.31464893613e+15,-2.70444564453e+16,1.04227390051e+16,83.2451804047,146.604464246,206.926015851
1e+30,1.51875300516e+16,5.10041876736e+16,8.22375685601e+16,204.796161963,-4.55625716988,-87.1582012107
1e+30,-2.78012078909e+16,9.16137717517e+16,-1.06660182652e+16,-34.2787812738,104.79361152,231.465325087
1e+30,3.39264285378e+16,5.72489396302e+16,-4.96747567708e+16,-246.598190224,-7.06650930303,54.5316255256
1e+30,-3.69504050775e+17,-8.64453706326e+16,-1.75883973578e+17,-30.5438147486,1.11474571817,6.96807810138
1e+30,-5.19325557799e+16,-2.79834458375e+17,-1.55286786198e+17,-12.5136060942,26.9620227432,18.0611455172
1e+30,-8.08490845803e+16,2.63877576306e+16,-2.42873984479e+16,-293.495456899,-136.260286909,32.3232898463
1e+30,-2.60317635933e+15,-8.98988890687e+15,-4.5534859389e+15,-81.5422384602,715.063125288,-53.760573071
1e+30,-4.91694696342e+16,1.18834425107e+17,1.26289583809e+17,18.1394353758,-34.8810738603,-6.65311997926
1e+30,-2.17756055314e+15,-1.05655660093e+17,-4.29040265132e+16,-106.45202561,156.66000859,0.717093650203
1e+30,2.09617120608e+15,9.29930154253e+16,2.95579362851e+16,-109.943076324,41.560587725,-48.365415279
1e+30,-6.06852314762e+16,3.80865897789e+16,-4.57857308573e+16,104.861393881,125.239240013,-43.373540361
1e+30,-9.75771892965e+16,-3.84468795386e+14,-1.26521011208e+16,-83.0695008521,-154.992791195,224.069926051
1e+30,-1.66117614146e+16,-1.09627708451e+17,-9.18741974859e+16,-2.90980996642,9.0482856126,-0.709466115028
1e+30,-1.28711682892e+17,7.57176786867e+16,5.66165062472e+16,-105.775801407,-29.4300495936,45.1750847051
1e+30,-9.2002445907e+16,1.02806611397e+16,7.42084824865e+16,18.0623737635,124.194665439,26.9332339032
1e+30,-3.82994113705e+16,6.36509233229e+16,-4.26788071577e+16,155.297615585,114.449368102,-78.9813892882
1e+30,-2.07698829888e+16,4.18784157138e+16,4.6387869307e+16,-176.93330266,-288.893463281,332.284183484
1e+30,-5.36770474197e+15,-7.76604334187e+15,3.04607100014e+16,-210.454865456,107.885843951,-16.7022832224
1e+30,3.10437976985e+15,1.44681707057e+17,2.46532087332e+16,30.9626562786,-12.1363833836,75.5610778579
1e+30,-7.49008403005e+16,6.25566088801e+16,-3.54036389884e+16,94.0290497958,11.3159614224,30.6662953088
1e+30,-8.53292146155e+15,7.74805972879e+16,-1.16141344785e+17,-9.96007336246,40.3818733857,48.5622206544
1e+30,-5.16128636024e+16,-5.54120474047e+16,-3.04101803713e+16,-318.672153016,-120.672504767,112.657210789
1e+30,2.26665448581e+16,-2.61560570152e+16,-4.52590885675e+16,55.907506607,378.334813107,163.730702117
1e+30,-9.46327456748e+15,3.43333658396e+16,-8.18806032825e+15,165.182823525,260.106126309,-392.16348201
1e+30,-7.61471415889e+16,-2.82204882023e+16,4.31845268764e+16,59.491963206,-24.457389505,42.0124846251
1e+30,-3.69325043939e+16,-1.53200061414e+16,3.39981132044e+16,-74.6865005191,2.42563865557,176.776341342
1e+30,-5.4181982449e+16,-3.71986604854e+15,-3.0881509204e+16,169.592837154,-170.045744164,359.40471963
1e+30,-2.8299747623e+16,1.69186298095e+16,4.48129244478e+15,-72.5791785216,-9.72513015356,-571.611143737
1e+30,-2.61991199284e+16,4.6033999885e+16,-7.74752469989e+16,112.903752752,23.1412280709,355.827469805
1e+30,-3.97468587654e+16,1.05621809407e+17,2.00179994713e+16,8.55553893928,-50.8636598454,-14.3356413315
1e+30,-1.69464674398e+17,1.08138786738e+17,-1.65615613814e+17,20.7812545906,21.4156237453,-21.1658538
1e+30,-1.10526696426e+17,5.42346579816e+17,2.84765365936e+17,-25.9027850709,2.03791595091,11.7722280092
1e+30,1.31006118063e+16,-1.62295582246e+15,-1.09104068693e+16,187.712688043,277.509369982,300.578412837
1e+30,2.47901089952e+17,1.16024968186e+17,1.89826818009e+17,-6.49136939245,-2.48199962952,20.5336870298
1e+30,-5.00801001305e+16,-1.60237817032e+16,-3.42050946004e+16,389.430821274,112.853588771,-206.057139295
1e+30,3.21109223163e+16,4.62702963828e+16,2.06775369049e+16,-34.7149914484,-308.188829852,154.170376148
1e+30,4.77238942163e+15,-1.06667787738e+16,3.38792795983e+16,-53.8182509451,-254.428170256,-367.615967727
1e+30,2.60870341974e+16,2.3281550856e+16,-1.83519112374e+16,437.830363309,-157.01130965,302.253804546
1e+30,-7.28759710911e+15,1.16170504031e+16,2.63333415498e+15,519.940265865,32.0422784156,397.488776909
1e+30,-4.7059864412e+16,-8.92465990991e+16,1.42399729359e+16,61.1679766565,17.1699423382,80.4561137027
1e+30,-2.31008631717e+17,1.52975435096e+16,-3.96673514858e+17,-17.413548941,7.56473338076,8.77456517511
1e+30,8.93746640521e+16,-3.97166897457e+16,1.473056516e+17,-55.3233234364,15.5807066547,-18.1746694473
1e+30,-1.37155861151e+16,-5.66754200083e+16,4.77615341221e+15,54.7509359567,-148.073526578,-190.828392722
1e+30,-9.71173708021e+16,2.09029115146e+16,-4.709461478e+16,157.078086435,-17.8371679548,-116.949819288
1e+30,-5.33111331282e+16,2.35134899073e+16,-1.96392687178e+16,382.568027454,413.449848723,4.32329107906
1e+30,-9.06292864891e+16,4.74992201785e+16,-1.01227459346e+17,-106.304559865,5.12217154599,-10.5334246405
1e+30,-1.1731627986e+16,1.09371825765e+16,2.9822270225e+16,54.4993012851,274.566029902,-177.208309847
1e+30,-2.98561079462e+16,-1.37137676201e+17,6.87534158172e+16,10.7152955416,-78.3126660319,58.2122840984
1e+30,4.45303683515e+16,6.00371423309e+15,8.2834268788e+16,-100.354137012,161.679478197,63.9955378066
1e+30,-2.87956169497e+17,-8.24492923543e+16,-3.29851087479e+16,-20.1376552756,0.202423506715,1.71880267124
1e+30,8.46264727689e+16,1.19170077712e+18,2.50648649962e+17,-19.6162384092,5.60937653838,6.85018431325
1e+30,5.11320734772e+16,-2.20415556377e+16,-2.11688728501e+16,118.072780298,113.14331941,158.760434156
1e+30,-7.33331817806e+16,-3.13703025623e+15,1.07456692293e+16,-225.479063822,97.5940553913,62.5368427418
1e+30,4.22248160742e+16,6.47963678212e+15,1.54959168649e+16,253.309834375,27.7575030403,-33.5602465725
1e+30,5.92397682586e+16,1.89633035516e+16,3.10704909321e+16,-128.592420455,-185.84214501,48.8384386193
1e+30,3.97608846442e+16,2.24747067035e+16,6.15727348356e+16,-26.5889136619,-185.274474271,-67.5981833365
1e+30,4.70115150985e+14,-1.47772698118e+16,1.29604367899e+16,173.473245062,-170.220601015,197.094914947
1e+30,-2.16233467874e+16,-2.36727660732e+16,-1.08105040992e+16,-463.619141378,221.835704816,100.51952162
1e+30,-2.6072315057e+15,1.22191643791e+17,-1.21650352692e+17,-27.8160510811,-34.7012161479,-5.39180672677
1e+30,1.23665124712e+16,2.1712303025e+16,5.88983022035e+16,93.2426858321,-58.089521883,-323.112409497
1e+30,-2.97394228281e+16,-1.11806429931e+16,-7.20457032681e+16,7.90007435852,33.4252718557,26.8985323059
1e+30,-5.90746576105e+15,-2.41967531547e+16,-2.7156504766e+16,68.5983077069,147.733572843,-112.493490393
1e+30,5.27106993956e+15,3.98100884031e+16,-5.21351835106e+16,-116.178205988,-148.23130644,28.4893501313
1e+30,-6.57514217612e+16,-1.93048266235e+16,-1.00336576127e+16,-124.463607583,220.164621839,388.349228364
1e+30,1.0083389503e+17,1.74087120525e+15,1.32958400319e+16,-122.09818368,-91.9958650784,-42.6687409469
1e+30,7.60358432573e+15,2.57348619403e+15,-4.88596348553e+16,-161.170835693,-45.0204702553,60.1241404204
1e+30,-4.89890689614e+16,5.7178167361e+16,4.765500386e+16,-236.924777181,184.791224815,-20.841695094
1e+30,4.28546703497e+16,-4.87220666174e+14,2.2109944671e+16,271.691831861,90.3271355614,-467.715744643
1e+30,-3.98498298852e+16,-3.05854937682e+16,-7.76520075725e+15,-185.489897907,-429.812412948,239.450322903
1e+30,-1.45581045975e+16,3.97116724238e+16,-1.89644033594e+16,473.09617855,563.895164563,-166.189066769
1e+30,-3.98930760728e+16,7.58076618065e+16,-1.46448669743e+16,256.369310435,70.6937105799,13.8958468905
1e+30,-7.89856968407e+16,-6.75660100361e+15,-5.87242914761e+16,105.771772333,-69.0534432474,-22.633465211
1e+30,7.20901171893e+15,7.02258835012e+16,1.9798589248e+17,-47.6871304724,2.62327888383,23.3066022159
1e+30,2.18890202371e+16,-3.39029675342e+16,-3.53109534229e+15,-64.7420635095,448.791005265,-335.405500855
1e+30,-7.00607939918e+16,3.07364880296e+15,-3.31767788105e+16,119.460129555,20.5906991657,260.953403581
1e+30,7.34314345125e+16,-4.86500730503e+16,3.24119042271e+16,-50.1627858846,22.8740957498,158.164204352
1e+30,-4.50039434097e+15,-1.61189879664e+16,-1.77959577782e+15,-298.514563931,381.879500619,565.346201632
1e+30,6.8311058201e+15,3.06396365096e+16,-2.11821247872e+16,28.8400396868,153.41196314,354.207751361
1e+30,-5.15971008242e+16,2.70560131422e+16,5.01037397717e+15,-164.976853635,14.46614956,50.4818459559
1e+30,2.69335768203e+16,-4.84068275495e+16,1.95705071718e+16,-88.7748957166,-295.46126912,302.530386063
1e+30,6.65822220489e+16,-3.32311114088e+16,-6.35296265878e+16,-134.750214544,-92.7161718843,-34.4362249782
1e+30,-3.19393853964e+16,3.39604614358e+16,-2.62267328419e+16,334.497248114,145.050874909,127.347405512
1e+30,-1.60456863757e+16,2.24491978818e+15,-1.56856011083e+16,339.152224971,-141.574513643,-108.392689357
1e+30,-3.29304140848e+16,6.81739194406e+16,4.0402552226e+16,-177.025337515,52.2308643265,104.092101737
1e+30,1.08462754298e+17,-1.60603832197e+17,-1.01784666595e+17,-51.5489762324,-18.8687375906,-4.246952283
1e+30,1.16941015754e+17,-1.29649524258e+17,-8.96604442771e+16,-49.1979579311,-36.6488655494,-9.95458115095
1e+30,-4.80713049955e+16,1.70139793023e+16,-6.68702920083e+15,184.903205895,-30.4034813105,173.575725382
1e+30,-2.14130817974e+16,8.71972133346e+16,1.87444749988e+16,-41.940173604,-271.652583154,-161.842990903
1e+30,5.91603930676e+16,5.10157246715e+16,1.98586031516e+16,150.004104018,-216.280315625,-4.00771504855
1e+30,4.0388395259e+15,8.04710335362e+13,-2.33507187435e+16,18.7719239446,-568.648230219,332.452612101
1e+30,1.62401746536e+16,1.3478565358e+16,1.60399903439e+16,13.8254448077,-234.85338856,555.856403314
1e+30,-6.51747581075e+16,2.10207425161e+17,-1.25907552023e+17,-38.8928890126,-20.6957985206,11.7258047562
1e+30,-1.2643195217e+17,-1.94726130126e+17,1.30961384403e+17,-0.695978457278,1.36858453865,21.6805007715
1e+30,-4.06250944516e+16,3.74385138546e+16,-1.37764802575e+16,-70.3278024249,-53.7661699421,180.157592607
1e+30,4.71629326995e+16,6.0140803545e+16,7.75245127863e+15,22.7806931118,65.302456234,111.468069792
1e+30,-6.07730567835e+16,1.9313688502e+17,5.56700905859e+16,-6.55956239777,27.3473492398,-21.6147807433
1e+30,-6.54337788827e+16,2.00540472901e+16,6.40937483812e+16,-69.1293912906,-138.910638878,-99.1604192035
1e+30,1.39769831589e+16,5.03504917842e+15,-6.18261798951e+16,7.91911974456,165.089694296,-154.701645125
1e+30,-6.28571569145e+16,3.35534085841e+16,6.47130805639e+15,114.884990067,228.335765462,75.7887416639
1e+30,6.01473142963e+16,5.92898727922e+17,2.1533212635e+17,-13.2036399491,4.44786525713,4.87086124247
1e+30,2.23102112149e+16,6.23379766354e+15,-4.08456777449e+16,84.6747109975,23.4817036346,-360.821800589
1e+30,-1.16269745194e+17,1.34280536576e+17,-3.82571694613e+16,0.195426160975,45.7361796373,16.4758040962
1e+30,-1.26604837894e+17,9.46860801744e+16,-1.26909731147e+17,-61.1145403369,-33.845208214,8.56960903002
1e+30,-4.54987208281e+16,5.09061763968e+16,-3.11511659728e+16,152.717405973,67.5786733603,51.9042097329
1e+30,-6.34374954067e+16,-9.91928113464e+16,6.56493964525e+16,-31.1524940033,16.0115555896,85.189630972
1e+30,2.60310701592e+16,2.18322105324e+16,1.03663812614e+16,400.193456083,-262.947062581,123.324775192
1e+30,3.53263685368e+16,7.30014863006e+16,-7.3283397159e+16,-120.767982705,-189.227245504,58.7913012469
1e+30,-2.21056879845e+16,1.41728839472e+16,-6.34722530151e+16,-110.475543652,238.878298272,77.5518815402
1e+30,-1.33536702473e+17,1.95693753517e+17,1.35681916737e+17,-3.62835724199,20.8965078051,5.56891865216
1e+30,1.93745213668e+15,5.22636650438e+16,-2.37779467871e+16,209.753736593,139.244670257,-189.995140141
1e+30,1.23145285933e+17,-3.48134433375e+17,1.97978332814e+16,-32.6257481698,8.11547844474,21.9320016414
1e+30,3.1204634101e+16,-2.68645165006e+16,-8.85520858804e+16,-85.8838162019,194.39713667,62.4426381616
1e+30,1.57697294404e+17,1.36869493445e+17,8.14684563247e+16,-21.3713119913,20.697851727,1.96839482221
1e+30,6.52310988051e+16,3.22532623243e+16,-1.70512375289e+16,-140.057852497,70.7296449662,119.112297713
1e+30,-2.77451630626e+17,8.0284152412e+16,2.11452645637e+17,-31.3093007092,6.25209556439,7.23336340218
1e+30,2.24365859971e+15,7.6664033884e+16,-4.14005550161e+16,181.152265082,-12.0669845602,198.738679842
1e+30,-4.47368571798e+16,-5.51069960424e+16,1.27486354653e+16,-221.032308919,-335.814677483,-115.830991578
1e+30,-2.52790199919e+16,-2.06973290292e+16,1.61321195708e+13,61.2133383712,-119.594436954,-329.233651506
1e+30,6.72652146506e+15,5.01717423976e+16,-1.98119282824e+16,99.4498866567,131.911710529,-529.757177106
1e+30,4.57847654124e+16,8.58133434636e+16,-1.01175248597e+17,53.2590741553,63.951337441,66.5555151872
1e+30,2.05909197463e+15,-1.8642825438e+16,6.96159947746e+15,34.0575002143,-150.16373716,-645.684521271
1e+30,1.00819621195e+16,-4.41790141193e+16,-5.6777261714e+16,223.143312988,-147.745578163,124.298400307
1e+30,3.76255051761e+16,-1.28370523656e+17,8.81396741668e+16,-52.6089945188,-40.629396094,9.44278691727
1e+30,9.21803507198e+16,-2.83229202115e+16,-1.92855926142e+16,-86.8127619049,34.1150993661,-113.23950325
1e+30,-6.31224274033e+16,1.49061802766e+16,-2.47198583184e+16,-106.086799053,218.318082474,130.392780371
1e+30,-6.02781714111e+16,1.65613403042e+16,-4.77423699831e+15,82.3403533574,100.088521426,-264.480684701
1e+30,-9.87909746324e+17,-1.04260964153e+18,-4.58975201615e+17,-18.4837586036,4.47344018563,7.67345265729
1e+30,7.44441612641e+16,-3.89294836886e+16,-6.31563061241e+16,-123.215262064,-119.417967321,-84.9448345607
1e+30,9.92050456521e+15,2.61496780169e+16,2.62496939594e+16,8.50148671586,-179.209777967,-252.247489795
1e+30,-6.48868295144e+16,-3.5231380616e+16,3.3815764934e+16,-119.131168647,71.6948246228,283.052434368
1e+30,-2.09325175607e+16,4.3437638908e+16,-3.07721238027e+16,-111.379734752,-1.08345675041,-275.590682207
1e+30,-1.19498955574e+17,-8.31965453665e+16,-1.66326816588e+16,9.62310690836,12.7438890639,2.68411180186
1e+30,1.20808045248e+16,-5.12912179173e+16,-2.63492902758e+16,6.09985367329,194.716328065,-97.7102006135
1e+30,-4.2423226475e+16,-6.70527642034e+16,-1.13072482247e+17,8.603202329,-64.8998299189,51.5889485515
1e+30,1.0832464172e+16,6.21523146605e+16,3.83510587516e+16,-88.97059087,46.3605506177,-215.793977408
1e+30,1.68117388402e+16,-6.17815025745e+16,4.61738840259e+16,-179.988449542,-27.8620847429,215.956459282
1e+30,2.17452625331e+17,1.27575290301e+17,1.36332428655e+16,-35.8631650653,-6.4880942771,-13.937758086
1e+30,1.53889590962e+16,-3.67311383595e+16,3.94979855901e+16,235.469625651,79.2093956403,196.277413296
1e+30,-3.23085856025e+16,2.64492158399e+16,-4.19646502974e+16,-605.048817013,86.2760716343,91.3013033055
1e+30,5.68052160478e+16,9.14254494428e+16,2.14965460281e+17,-44.187534459,-26.5566803777,-9.30159786853
1e+30,-6.90005589792e+15,-3.40912292573e+16,-4.81076103467e+16,-135.483362777,-137.752355445,163.494535842
1e+30,-3.52249205779e+16,-3.77284118157e+15,-4.14795646588e+16,-117.122058365,-316.475274023,242.766280492
1e+30,-1.13130433668e+17,-1.80129243642e+17,-1.07716079702e+17,32.2689651716,36.0135593415,13.4795455347
1e+30,-2.89232640306e+15,3.24872882227e+16,9.5072905021e+15,-619.717802547,47.5436547739,-243.755564852
1e+30,-1.66799467737e+16,-1.03698402192e+16,-7.81436953026e+15,-384.885419732,435.074088858,140.603777476
1e+30,3.59299938633e+16,-5.18433613436e+16,-6.73039354293e+16,-75.9895426192,141.138916724,47.1865556096
1e+30,6.54005294709e+16,1.14897317479e+17,-2.78359108765e+16,46.0002779274,-46.0441610596,-86.6149651767
1e+30,-1.47553560394e+16,2.2220099524e+16,-1.06340059558e+16,-475.764237408,237.904885786,8.47201607342
1e+30,-7.04639230181e+16,4.39254661764e+15,-1.73125350561e+16,-317.170015956,-330.088748354,-52.5315453392
1e+30,2.50167835803e+16,5.02757898527e+16,-4.79690930678e+16,-121.352141955,-69.3079217211,101.640776158
1e+30,-1.0303488287e+17,-1.6823488897e+17,3.55943104948e+16,2.75907021585,-32.8929947964,-17.9253565434
1e+30,1.75081906702e+17,3.83946575454e+16,-1.44730062323e+15,-11.631601122,-65.539501761,9.27069077089
1e+30,-1.45648480298e+16,-2.78374145975e+16,2.80726496749e+16,53.5526753695,104.012382221,-595.157240672
1e+30,3.64524159928e+16,3.5679630285e+17,4.34402366681e+16,-5.25389127191,10.0280172654,-10.0755859282
1e+30,5.01213245335e+16,3.09530113406e+16,5.20196547364e+16,-81.8998332332,-167.95492884,-99.5425156491
1e+30,4.31123380025e+16,6.82356131716e+16,4.73890960196e+16,124.320988737,197.803115518,41.4029775317
1e+30,-7.96488899292e+16,-3.07012342474e+16,-6.58651792122e+16,-143.695571508,207.243911596,105.822727439
1e+30,4.73115519174e+16,-1.22966487975e+17,3.23136726944e+17,-33.8186066937,-1.46891782717,3.75232587704
1e+30,9.46945035313e+16,-8.84496062044e+15,-1.53064881101e+16,-24.3531162888,16.5498619327,-41.267130745
1e+30,-1.25114195075e+17,-1.90880885534e+16,3.30964750581e+16,-29.6233588405,-162.339945465,-71.9061448326
1e+30,-1.53157260611e+16,-6.81825761408e+15,-2.41797336829e+16,-125.75894785,4.38123172882,-303.123641725
1e+30,-4.64418515298e+16,8.92318244336e+15,-1.2572043246e+17,43.0050165075,72.921505038,-78.8635225558
1e+30,-1.03514577159e+17,6.3746090622e+16,-9.97022865323e+16,-20.1745988476,89.9446688489,54.9416999362
1e+30,-4.50292036472e+15,4.51375920565e+16,-4.6444598935e+15,-384.499076523,81.4276644531,-301.489675526
1e+30,-4.25850024778e+15,-3.10648178309e+16,-5.06516199659e+16,80.6157146648,-49.5744409127,-12.6168293874
1e+30,-3.21554982501e+16,-3.18506480121e+16,5.81588351869e+16,59.6476350497,74.9356770794,93.2468388444
1e+30,2.84121422882e+16,-1.2270443574e+16,1.97224093206e+16,214.423786616,155.342455234,385.759323283
1e+30,2.69819705961e+16,-4.98061591426e+15,1.42495054667e+16,203.701126966,51.2774986875,282.152304714
1e+30,-4.95832579484e+16,3.07138118296e+16,-1.03213464434e+15,-174.378239978,133.254160085,-17.7583951903
1e+30,-6.10009196616e+15,3.1954973041e+16,-4.17961268307e+16,-8.65527950197,-162.692576438,-71.9027489351
1e+30,-7.53177544152e+16,3.63590870606e+16,-4.09887323905e+16,62.8403666005,-31.891748819,-104.848830286
1e+30,-1.24771911952e+17,-1.338312718e+17,4.52592531992e+16,23.9717795351,27.7883446178,29.9584927162
1e+30,-1.55535925828e+17,-1.44884775405e+17,-6.37440488796e+16,11.7620270548,16.4371793789,-16.5187093811
1e+30,-1.35469913324e+17,-5.76077315012e+16,1.23531376764e+17,-11.3798469074,-34.0406084464,63.9686221765
1e+30,1.66267359535e+17,-1.08607972316e+17,-1.68928911639e+16,52.2686832252,-2.63208171169,49.725716048
1e+30,-1.5537030187e+16,7.56312435128e+15,-7.05196087661e+16,-213.600377571,64.5548782854,133.14674326
1e+30,-1.61188683654e+17,-1.15799601773e+17,3.3119222115e+17,-23.9642846922,15.4946699905,12.1130913718
1e+30,-5.81550374621e+16,-7.50957778807e+16,-2.55436707116e+17,-23.7951982319,18.8463716337,-5.92381209735
1e+30,-5.37529434102e+16,-1.32153748505e+17,-3.09536845284e+16,-24.7104263151,-44.4794247392,40.1588731923
1e+30,-5.22043857718e+15,7.03805816838e+16,-1.32621217316e+16,197.517412414,87.8521333121,-80.0494400923
1e+30,-5.9088106993e+16,1.6177517312e+16,2.84032824883e+16,-122.429877301,64.0276527759,-221.559814814
1e+30,-1.72690615962e+16,6.72837908395e+15,7.6241725222e+16,-89.749950143,-177.552224864,91.9172355085
1e+30,-2.09449881379e+16,2.67855868668e+15,1.91019708109e+16,-99.2596063006,-113.476304557,285.864379631
1e+30,4.85003487041e+16,-4.31447925677e+16,3.08681899001e+15,15.039243531,59.8147727009,188.616073276
1e+30,1.00168972424e+17,1.12879128512e+17,4.68127690045e+16,-59.2204595628,102.421248107,-32.7986387599
1e+30,-7.2222570211e+16,-1.15361818677e+17,1.70568277645e+17,-17.7454023509,-1.24033602976,-25.5309158383
1e+30,-7.29587810007e+15,-1.80804659714e+17,-1.86099053861e+17,-31.8091561598,37.2960826027,-27.1891001184
1e+30,-1.24234438592e+17,1.67235171328e+16,1.22754431979e+17,-3.65746196051,-0.0271063844413,55.0095272304
1e+30,-3.94006686223e+16,3.11796492902e+16,4.77474303559e+16,237.102940185,29.7899298973,59.8579687001
1e+30,8.33382021605e+15,-1.25299976352e+16,-1.16951588255e+16,-108.252154486,-117.532827565,-502.809801836
1e+30,-1.55530564847e+16,-1.78388642201e+15,2.61219800522e+15,72.2504104218,-298.043177209,626.999764566
1e+30,-1.15803104184e+16,-2.35891708009e+15,-9.05977182685e+15,-40.8756747262,415.960995733,113.779135629
1e+30,7.61837671914e+16,-7.75680638106e+16,4.71263580912e+16,48.5888580135,102.279011709,91.1429835213
1e+30,-7.83934439623e+16,-1.97164682806e+16,4.7639047054e+16,-133.351682075,46.666252632,53.9120952392
1e+30,-1.29820104332e+16,1.25128163393e+15,-3.44508248679e+16,-32.6824443541,55.0730177429,-203.532846231
1e+30,4.72220644943e+16,-1.8478954828e+16,-2.64560800078e+15,-31.5308131249,113.525694927,-48.1691466119
1e+30,5.63383326664e+18,-3.27011693601e+18,-3.33123310608e+18,-18.7076430298,5.06233440326,6.97559692436
1e+30,-2.70751138076e+16,-1.57083329008e+17,-7.78729435763e+16,30.5364648692,-13.9513068893,0.889245253651
1e+30,-4.86796372124e+16,-4.04534329737e+16,-4.66370653894e+15,-92.8549248436,106.87217057,-90.482013528
1e+30,3.14823660053e+15,2.70019027509e+16,8.8949965988e+15,-229.896043992,153.715529514,-131.159391608
