2e+30,3.38172734665e+16,2.07023586248e+16,3.64266497027e+16,183.624354666,-371.509548855,288.678501424
2e+30,-3.57974977075e+16,-4.50660645503e+16,-1.01282117911e+16,-107.745938427,-397.732685366,-483.920458172
2e+30,3.95044693417e+17,-1.48499177189e+17,1.29102860185e+17,-2.04303377297,7.32749655343,-3.79844684958
2e+30,6.72039379335e+16,-1.12388186932e+16,-9.57678755429e+16,30.8385927427,4.5437381057,-48.4140726659
2e+30,-1.44864339934e+15,-4.92627991449e+16,7.73401296081e+15,-498.494707727,-65.5848231243,-309.172627481
2e+30,-1.34547466724e+15,-9.35974579364e+16,-7.57987280398e+16,28.1708544549,-90.9381760508,-51.3438037999
2e+30,1.12362547768e+16,2.16904998615e+16,-6.3794919644e+16,-264.763603088,0.249303390336,-101.54123606
2e+30,-1.95738633159e+16,-2.99560525707e+16,4.10962439415e+16,176.850018948,107.679622516,78.817749046
2e+30,-2.16612473932e+16,1.44047308897e+16,7.33782036013e+16,-97.6403625865,-75.0587705719,-65.1295063605
2e+30,-3.3132590054e+15,5.91154955144e+16,1.75607478884e+16,259.584968271,-158.538766872,59.4046362001
2e+30,5.23077262586e+16,-5.05420331139e+15,7.65058118713e+15,-3.79254467823,102.268879824,-119.932653032
2e+30,-2.7280839606e+16,-7.31127928123e+15,7.44575904836e+15,284.085629127,-307.1645365,463.84414801
2e+30,7.32145843568e+16,5.29964590301e+16,5.19905138273e+16,72.7046338931,155.586946861,-80.0449409541
2e+30,-1.84060598449e+16,2.6455232052e+15,-6.38483280413e+14,-230.17275651,-414.106205691,-294.239935718
2e+30,-2.08788252476e+17,-3.8974312414e+17,4.98143881357e+17,-7.15960497331,-0.917708255548,-0.681425447934
2e+30,-1.1021517179e+17,3.66942427331e+16,-2.73563133888e+16,-146.031046447,-27.4587356903,55.0529725149
2e+30,7.40251015345e+16,5.46767929743e+16,-3.21943529312e+16,17.9237625872,104.570312412,47.4806237006
2e+30,-2.6155266471e+16,-9.92225309189e+15,1.36181490487e+16,-852.500653945,170.327924081,-102.611358939
2e+30,-6.13054725774e+16,-2.98835163783e+16,-9.30640172627e+15,-91.314752647,-103.316236199,-130.289004869
2e+30,-1.1726909712e+16,1.00025488385e+16,6.31460575899e+15,408.089345732,107.512903847,-375.955583477
2e+30,-3.11971040048e+16,1.31905949952e+16,-1.10492260556e+16,-19.32198495,-82.9050841714,645.573599159
2e+30,-6.47682194802e+15,4.45928175598e+16,-5.61830309377e+16,300.077854931,-78.8567894607,-105.514841481
2e+30,-7.23083141653e+15,-2.20020847198e+16,2.24052060037e+16,-205.812173823,-33.7008302289,69.8485913564
2e+30,-6.37919946356e+15,-1.43951663159e+17,1.35156311329e+17,-34.829282128,90.4552888918,29.9646001204
2e+30,4.03897084729e+16,-4.07076732235e+16,-6.70959985578e+16,-171.896024677,-132.292110718,46.7165736042
2e+30,-5.40802790124e+16,-1.16400432551e+16,7.38750044258e+16,92.7396484598,89.8191656635,42.4712706193
2e+30,1.42708484818e+17,4.50787418327e+16,-3.70670660234e+16,120.740354562,66.7965968924,-4.36230830388
2e+30,6.55168154638e+16,-1.63799908407e+16,-2.3821011714e+17,0.169898439914,-22.4684272397,-0.133129265151
2e+30,-1.20775150969e+17,2.12064989705e+16,-1.04243207007e+16,140.21203309,24.7274304442,-66.1036261152
2e+30,-1.01008137624e+17,-6.62090507377e+16,6.30008263367e+16,60.9173253772,-5.83487001753,-2.7148948888
2e+30,-1.54546544765e+17,6.35091050472e+16,-2.29845699557e+17,-27.9874980271,-14.3729645372,26.6928582976
2e+30,-8.16824780738e+16,-1.38741179577e+16,-1.88550339043e+16,-97.7748828419,-276.85950473,103.979745842
2e+30,-1.30357421079e+17,3.12784086545e+17,4.37610611256e+16,-24.9193728038,8.47981205674,17.7295218109
2e+30,-8.42684108169e+16,9.81736133807e+16,-2.71837521465e+16,-12.6312374746,48.016438893,-127.501652777
2e+30,-1.21239996573e+17,2.76138488395e+15,-3.60454212847e+16,-29.5883899638,55.5157934214,-13.5191117127
2e+30,6.24024668012e+15,2.09222953332e+16,-2.48446158738e+16,-267.90060444,-302.184985031,136.378654541
2e+30,3.42574128591e+16,-4.79564379566e+15,-1.69414901778e+16,-111.062110587,504.552084389,74.1021959536
2e+30,4.17391938909e+16,4.59618250024e+16,-1.61643538232e+16,-331.30692062,-20.5176699913,-50.1318240437
2e+30,4.41141492523e+16,-1.39253068101e+17,1.17313507719e+16,25.1771784292,26.3024139356,-128.484907588
2e+30,-1.00885841238e+17,1.242287861e+16,3.9758572802e+15,216.578197935,81.3710662537,-60.072547562
2e+30,-6.2433238473e+16,2.84747488291e+16,7.90745327903e+16,26.4810751435,-49.6500121858,-51.9033022665
2e+30,4.26532511029e+16,-8.58550768188e+16,6.71252933135e+16,53.0975533149,17.7132802556,-48.4284647622
2e+30,6.4755139484e+15,6.75203324657e+15,4.60273751797e+16,-41.4777109184,-163.543923392,-131.557640742
2e+30,1.12807083584e+17,-7.38035804359e+16,-9.29589741043e+16,12.5101663471,-34.8665158185,-62.5867302765
2e+30,-5.85083004169e+16,-2.73936922314e+16,-1.96320190071e+16,-171.572697082,125.274258495,-215.84685085
2e+30,-6.83922066825e+16,-9.06611485187e+16,-4.70556899197e+16,-8.13271494044,-9.79190306902,39.6515511164
2e+30,-4.58042399597e+16,-5.05837653513e+15,3.98971032617e+16,244.447942931,266.481420126,192.527419658
2e+30,3.14656432317e+16,3.75734688455e+15,3.62808045171e+16,231.571434806,-246.967686933,47.236295978
2e+30,2.64387094638e+16,-7.59352741061e+15,-2.89172541874e+16,198.363214963,-193.606962218,-304.764646077
2e+30,1.58323271098e+17,3.93622761248e+17,-1.09700283097e+17,-5.18503008152,10.6858066778,13.071363938
2e+30,7.18203582098e+16,5.61867167182e+16,4.07143360219e+16,-38.270299226,64.7258076563,54.88071467
2e+30,1.02730628392e+16,-6.99404336043e+16,3.25599517814e+16,105.864193708,-200.560229033,207.014126804
2e+30,6.6539454013e+16,-4.38890072575e+16,1.12055382723e+16,66.2923106147,-118.591453973,-163.015425312
2e+30,3.84116705524e+16,-9.38417555124e+15,3.62352052009e+16,390.856207678,186.61386121,28.4505742843
2e+30,3.07360660031e+16,-7.84082403586e+16,-1.51209894196e+17,75.5744215333,15.139722063,-64.4330238845
2e+30,2.59388435562e+16,6.25554890056e+16,2.81666714352e+16,17.4020911346,11.6318837263,32.5394330656
2e+30,3.49128900253e+16,2.77303113676e+16,6.64636615127e+16,86.6444936877,68.959158949,-94.7157875702
2e+30,-2.65344049334e+15,-5.39343965151e+16,-9.51567203196e+16,27.2212009852,126.551797286,84.1708927767
2e+30,-1.5999762424e+17,-1.28520903756e+17,1.41178718e+17,-26.320618241,46.3596641694,-19.0681879678
2e+30,-5.13847673512e+16,1.37615160914e+16,1.41397856273e+16,-31.7216589757,-153.703292329,-245.859882943
2e+30,-1.33496613815e+16,6.39522310971e+16,-8.35448044077e+16,-34.510397452,-53.7393769039,-233.027560011
2e+30,-4.11064952013e+15,1.17734481573e+17,1.07748606856e+17,52.0439223086,-70.5742827611,27.655167708
2e+30,-1.56490902211e+16,-3.37200341669e+16,2.25092208163e+16,82.4865287273,-221.620154565,-319.294709843
2e+30,5.28929264654e+16,-2.03799938783e+16,1.514713032e+17,4.12176394889,-112.306014762,-72.05304392
2e+30,-2.10490047808e+16,1.68431281219e+16,-3.86953277241e+16,487.333101441,-371.917968613,251.585062014
2e+30,-2.06609208701e+17,-3.55451930956e+16,-9.13620979345e+15,-31.4035833999,3.09332112304,26.1810379908
2e+30,-1.63917482413e+16,6.92248436772e+16,5.1614155076e+16,-12.7528242083,-65.3526199575,-75.1095061278
2e+30,8.22018671896e+15,4.49540998019e+16,4.21045863695e+16,110.826408241,-132.998882324,26.4108626238
2e+30,-2.77132511315e+17,2.44484513945e+16,7.72000589509e+16,-28.9297892225,11.2625843421,-9.44491688476
2e+30,2.41713412701e+16,-4.4290563983e+15,3.14457192439e+16,152.223558403,-421.701968973,-124.306379927
2e+30,-1.48560262414e+16,9.84351640183e+16,2.98576840571e+15,-16.2436303877,-103.780151368,-116.649727266
2e+30,-6.7918289008e+16,1.73898864092e+15,8.55596007608e+15,-137.737121416,20.9550803606,-34.0794133388
2e+30,-4.29040330312e+16,6.40722275852e+16,-5.1244072466e+16,-116.630970509,-85.8429853718,-71.2041372878
2e+30,6.60098312114e+16,-9.23492294968e+16,1.16971952763e+16,10.3456833364,-31.9906603974,-16.96261632
2e+30,-2.04416725039e+16,6.23235937313e+16,-5.72772240372e+16,41.8301117489,3.98603240757,114.051731124
2e+30,-6.28614108115e+16,9.50094772305e+16,-1.17611460658e+17,-78.4235655002,26.3233133392,69.783237452
2e+30,-7.27564551894e+16,-1.34389380376e+17,-4.61021170095e+16,8.07207870642,50.1375175598,-46.7958090644
2e+30,5.4134926857e+15,-2.96495444118e+15,-3.23422764587e+16,-537.653305248,46.6532433875,-55.4264814778
2e+30,8.28301167369e+15,-5.52387848617e+14,2.90457686464e+16,-387.537358151,361.374736196,-249.832760731
2e+30,1.98721618997e+16,2.41769474931e+16,-4.91559048358e+14,87.4655053452,-273.684264918,178.199258827
2e+30,1.19886995164e+17,9.02714790321e+16,-2.2364505649e+17,-42.05420922,-6.76747872721,9.07193169305
2e+30,-4.08606027154e+16,7.25976700813e+16,-4.62914543263e+16,26.2737204584,137.212144157,173.720476213
2e+30,8.34055774064e+16,3.50461266023e+16,6.20513255076e+16,-59.883796815,101.378083381,-79.1423844125
2e+30,6.26424279278e+14,-1.11233703932e+16,1.53727366946e+16,422.058756869,231.230894835,-261.830157242
2e+30,-3.56069896715e+16,1.38614481623e+16,-1.17673348688e+16,-127.248151237,153.22782892,-6.4727968698
2e+30,-1.9239709786e+17,-3.20241021032e+16,-1.94291964021e+17,-16.7606620874,14.4299953749,5.59434528112
2e+30,6.08351894857e+16,2.42985751711e+16,3.62177578464e+16,9.88013194063,197.49466737,233.138345031
2e+30,8.92122649024e+15,-1.1086877964e+16,5.71128529519e+15,-188.536686132,-91.8490648456,-156.148099667
2e+30,6.64953055153e+15,-2.56910696253e+16,-1.03881284304e+16,608.298265887,455.381983065,-7.3945380544
2e+30,-4.21252530513e+16,8.77318324533e+16,6.9086756625e+14,134.338642938,-27.8432690756,120.771795515
2e+30,2.39600949376e+16,5.21546158268e+14,-1.54383896422e+17,-49.4069785654,10.8512580461,42.0102915579
2e+30,4.92836127083e+15,-1.36580929972e+15,-2.62640783081e+16,-218.084258495,245.270635713,154.466519105
2e+30,-2.81321383221e+15,-3.76888390719e+16,1.77885339855e+16,104.451499796,-138.521387708,184.583054274
2e+30,-3.43172490022e+17,1.21107051158e+16,1.41826717283e+17,-12.5170945783,14.2156099287,0.839155939905
2e+30,-2.56484054561e+17,7.72952016517e+16,1.57668152026e+17,8.83090070372,0.0364981887465,-4.17964821037
2e+30,7.39057791833e+16,4.03369154573e+16,4.70721595695e+15,-102.706478477,108.184989626,104.669366217
2e+30,8.38729381425e+15,-7.58533029981e+16,-4.80015181213e+16,-108.678385941,66.8853555479,155.419524814
2e+30,1.41847489527e+17,2.67716364344e+16,-2.46214283307e+15,49.6541488837,89.1941502895,69.2288328868
2e+30,-3.25027173733e+15,-3.00352945511e+16,2.27016565879e+16,-208.338243098,-135.573265212,225.506545958
2e+30,6.41555495907e+16,1.10235290292e+17,9.10457201971e+15,139.37999727,-98.1136026514,0.403740149768
2e+30,5.29064943984e+16,-2.20274656375e+16,2.99273308747e+16,89.3983716124,-70.9305980564,117.318239223
2e+30,3.03281497023e+16,4.68220701839e+16,-9.13662594675e+16,-52.825554094,187.542783387,137.832899583
2e+30,-9.80911190461e+15,8.95813934409e+16,2.25778590479e+16,-194.851158496,89.0901220542,-56.153985638
2e+30,1.45126583364e+16,-2.37648181495e+16,4.82136338566e+16,282.852113791,-243.010326224,141.660782618
2e+30,3.34369459281e+15,-4.63105722997e+16,6.77515116877e+14,-13.7103300806,-165.196663372,184.971586228
2e+30,-2.01287704072e+16,1.19176147089e+17,-4.90956313052e+16,-112.836034015,78.954363889,-42.4262981826
2e+30,3.00861819852e+16,8.84108374464e+15,-8.85484627801e+16,135.874216275,-32.6407126977,-36.9963260991
2e+30,-1.37556581419e+16,1.64322963288e+16,-1.85157681639e+16,-316.285295819,332.667449123,-487.76797612
2e+30,6.50808331443e+16,-2.49702385432e+16,3.3734507755e+16,28.3478172279,-112.933129975,213.741632257
2e+30,1.96531962107e+17,1.12299326738e+17,-5.68765555384e+16,-24.1596062344,8.50105076508,10.9425831288
2e+30,-2.17770512546e+17,-1.68195473678e+17,-1.60444524971e+17,2.61037216392,19.8958757164,-13.4076520964
2e+30,3.17008467412e+16,-7.88430278906e+16,1.21471348879e+17,-26.7505518599,-79.0401518512,47.3030991908
2e+30,-3.63846011052e+16,-1.64453908619e+16,1.78649482196e+16,214.715121328,276.357268444,6.41173322306
2e+30,-5.57345369217e+16,-3.03425029638e+16,-1.89189646851e+16,62.8665549421,-44.599255207,118.29995664
2e+30,-8.08577974731e+16,-3.27025324391e+16,-5.7152746706e+16,-25.6700107059,-17.8089246001,126.535178945
2e+30,5.36315623622e+17,-2.28536676423e+17,-1.58351158449e+17,-6.28913988707,1.58818599303,1.02769953553
2e+30,-8.71477130694e+15,-1.74390801567e+16,3.76798303707e+16,35.9754105267,-129.403117856,331.986168935
2e+30,1.79908032786e+16,6.83715055205e+14,-7.10304577489e+15,-124.198385361,104.699864161,-302.780447442
2e+30,6.62372031453e+16,9.38412926369e+16,3.40719879086e+17,-26.6144131511,-6.82483289241,-6.65259430758
2e+30,1.87120352699e+17,1.09687011884e+16,1.37590944458e+17,-29.4860001493,-37.6308593111,2.67074062836
2e+30,4.92763587121e+13,4.35015676083e+16,2.66250364321e+17,-9.10548544154,14.2191646577,-12.5883905537
2e+30,5.30897368015e+16,-7.56369510725e+16,7.02387467184e+16,16.6047302901,68.1797695176,-62.0464221613
2e+30,-2.64361080937e+17,1.12528313978e+17,5.52277251983e+17,-5.28011612867,3.85116515844,4.96230771885
2e+30,-4.43021204847e+16,3.79326196776e+15,8.8348694791e+16,13.8557058646,-37.7977164993,109.176405536
2e+30,9.87263349514e+15,-1.83503285823e+16,-9.64214085872e+15,-416.16915808,-128.035590359,-310.611255631
2e+30,-7.65839231395e+16,4.59814811909e+16,-1.32288048494e+17,67.9425790844,84.316635916,-36.0701190228
2e+30,2.51216970966e+16,5.96264166092e+16,-1.47925396695e+17,15.0721475812,26.1331029765,-6.18117290335
2e+30,1.31914928628e+16,-6.20206800236e+16,1.49694278349e+16,-172.301312944,-210.986057144,-155.668215794
2e+30,-3.20855390429e+16,-1.84572073051e+16,-1.5082232813e+16,-155.444972594,-122.327566724,-203.42230247
2e+30,5.56516909607e+16,-1.81148602224e+16,-2.07101379838e+17,22.0204796509,25.5376143641,18.4062533573
2e+30,-7.64724450639e+15,1.13806602268e+16,-3.92187377262e+15,299.18110059,-328.380026065,209.976063129
2e+30,5.6306058765e+15,7.06882346058e+16,4.70260456976e+16,-317.52583599,-3.16237290418,-22.4854038797
2e+30,-7.69556827508e+15,4.04767809373e+16,-5.91816924272e+16,254.187573746,134.509831601,175.181668003
2e+30,-9.06247575123e+16,5.61943945841e+16,9.21316603561e+16,14.957024359,57.6713796946,81.616454459
2e+30,-9.35097031221e+16,2.52722458358e+16,6.42088109445e+16,132.423612928,104.438020528,-20.470035566
2e+30,5.98279236521e+16,1.70064547457e+17,1.70412358949e+16,-25.2866970054,31.3856532376,-31.7062080365
2e+30,-9.76840709662e+16,3.57190166121e+16,6.49676294425e+16,73.1745666206,-27.2265077432,34.375028949
2e+30,3.24567064041e+16,6.44697449457e+16,2.25301831486e+16,139.349979864,18.4630349485,-65.3488630366
2e+30,4.59297056751e+16,-3.50044784991e+16,-1.24360250566e+16,-97.0100526483,-181.777497087,-221.823471882
2e+30,-2.02588097261e+16,1.91687923016e+16,-2.99535462627e+16,322.468204893,276.076429028,422.154425405
2e+30,4.93825607437e+16,4.57777560857e+16,-3.09042707809e+16,-40.6230282948,12.6118432761,-164.848092313
2e+30,1.1104650088e+16,2.96468949292e+16,8.21035419198e+15,-193.580111988,-336.781655023,-200.190344309
2e+30,-4.27844957552e+16,-5.86713759926e+16,-1.15797618132e+17,86.9159531584,-14.1001803632,-68.3824974924
2e+30,4.13162838159e+16,9.38393831585e+16,-1.76817160864e+16,-83.3927200049,-2.52403087422,13.4433914079
2e+30,-2.50474403127e+16,2.11094723419e+16,9.36115506255e+16,168.619120163,171.140230486,-11.2214667867
2e+30,-6.15233229498e+16,-5.72807623253e+15,4.24838762554e+16,114.46308314,127.36495075,-297.925558689
2e+30,-4.46755360819e+16,1.35564689552e+15,5.23908729174e+16,115.054549981,-288.741035872,-166.936352249
2e+30,-1.04915511583e+16,-5.78706588518e+16,-2.62992320317e+16,-281.813524215,228.507481675,-168.322291411
2e+30,-1.65585306224e+16,2.23002125763e+15,3.46806128626e+16,-65.7173883558,-384.58793763,272.12754095
2e+30,-2.71504556833e+16,3.8657066567e+16,-6.15204002968e+16,-59.437692885,18.2794606361,237.121220226
2e+30,2.41496345018e+16,5.59698912597e+16,-5.86692261161e+16,165.636604881,36.6285059606,-175.489825658
2e+30,-8.96175410763e+15,-2.43860842659e+16,-5.22708262542e+16,-173.14465053,181.18894926,163.371345903
2e+30,6.82564251327e+16,-3.80952462199e+16,-1.3168500384e+17,-36.9303365166,53.7668617365,55.6605043292
2e+30,-8.83055699891e+16,1.04976166614e+17,-1.18030703012e+17,61.0795203955,-16.477090187,-69.2378025909
2e+30,-3.54922309578e+16,-4.79352786934e+16,8.63560764884e+16,162.59377762,-50.5573839948,5.93961654268
2e+30,-9.65439760837e+16,6.54640261079e+15,-1.09828700107e+16,-152.942994276,97.5500189142,-136.047664473
2e+30,4.38357994538e+16,-1.08465930281e+17,1.02307900191e+17,-26.8163233021,34.3533790699,-33.1221950153
2e+30,5.06184260748e+16,3.45464985679e+15,2.35009987211e+16,52.5107574487,-223.847130392,-169.106214457
2e+30,4.11751039676e+16,4.15806784521e+15,-1.30326521476e+15,348.732773652,194.939508999,-283.567128294
2e+30,-5.53640316837e+15,8.21115077348e+16,-2.51088711677e+16,-60.2742036447,50.0426884756,-188.01353768
2e+30,-1.97893999434e+16,7.71908598484e+15,2.14207393052e+16,104.168583984,33.3954848608,-136.57486653
2e+30,-8.34258529895e+15,1.53213985266e+16,-8.93994481482e+16,-45.4697048418,-141.617225148,-32.1434169434
2e+30,-8.2573786693e+15,-6.53624691712e+15,-2.10394527682e+16,306.298833627,-358.859530174,564.205165607
2e+30,-4.07549061858e+16,5.64632371352e+16,9.41169391264e+15,-115.178269774,-74.7774723544,-124.903726516
2e+30,3.47314085563e+15,-2.21216077893e+15,-4.26350474766e+16,54.7394267522,-247.914896203,-102.060813948
2e+30,9.16160000029e+15,-1.00959340544e+17,1.94524678338e+15,-80.2930455486,43.4144519199,-146.334698644
2e+30,-6.69927082324e+16,2.48560703023e+16,-2.62836076506e+16,-62.713246939,193.459004888,196.974503796
2e+30,5.27130950244e+16,-1.98406002162e+17,-1.86888047604e+17,-33.7049337661,12.6858597486,-42.9780687743
2e+30,-4.47303414844e+16,5.07122539305e+16,-2.73761229094e+16,346.99489891,154.055846219,16.4681183758
2e+30,-5.00370764512e+16,5.1445426222e+16,-7.16569248759e+16,46.9887262237,-34.6012594432,158.459357251
2e+30,-2.39162438816e+16,5.54347169261e+16,-1.46198142062e+16,77.1714383674,-399.15552275,64.9410306983
2e+30,-7.45614566262e+15,-1.12269772236e+17,5.88924323265e+16,32.7842262461,-62.9616170712,11.6755199137
2e+30,-6.78968598226e+15,-6.26925980576e+16,2.46438769019e+16,-145.785571554,363.329477151,-217.282549944
2e+30,8.74235123812e+14,-7.36169629732e+15,4.25089805137e+16,105.422943805,-241.108237694,-164.233841955
2e+30,-4.55942874518e+16,9.44552728855e+14,-8.54866678004e+16,-74.6678572642,247.536272464,-131.226593695
2e+30,3.96837023019e+16,4.0831443603e+16,-2.71563681201e+16,253.472023442,229.96248712,68.200241687
2e+30,4.92304502224e+16,5.64289474368e+16,6.89791343479e+16,107.008719601,108.233790392,-1.38416657334
2e+30,1.4919567565e+16,5.01162706488e+16,-5.39608853464e+16,197.980154433,-171.50634529,222.570117265
2e+30,6.45965784605e+15,1.47740588764e+16,-3.36847589531e+16,-500.938101087,-349.029798905,250.626803535
2e+30,2.43200437401e+16,4.05398490406e+16,2.38985011274e+16,-487.167789338,-129.007318722,147.188924406
2e+30,2.51976303709e+15,-1.0571412249e+17,-1.39247675223e+17,10.9232134826,-14.5466094158,-58.5329539256
2e+30,-1.28538250381e+15,-1.68648491527e+16,-1.8429993914e+16,498.095300715,337.628905645,403.665549967
2e+30,-3.83862896892e+16,3.34944318771e+16,1.30863357945e+16,-364.963204134,134.189537545,-375.703162625
2e+30,3.44994972901e+16,-2.99504588151e+16,-1.04844270995e+17,-41.2281719327,-2.95583659787,127.250023802
2e+30,1.77995286167e+16,5.44844827973e+16,-2.36861665609e+15,153.203203518,-58.208930623,49.4533254687
2e+30,2.31723511108e+16,-1.41854715968e+16,2.58442731955e+16,-105.788182426,180.295111149,-91.2722103606
2e+30,-2.85588064562e+15,2.68589263352e+16,-4.26333265914e+16,-48.7109860804,2.31443753497,-337.663784191
2e+30,7.55485791305e+15,1.25811601316e+17,3.8326014484e+13,-130.332788179,103.516166401,60.9161713013
2e+30,-4.59077438176e+16,7.86461564176e+16,1.34010790714e+16,10.4627943204,-171.392127662,132.869431283
2e+30,8.31219789672e+15,-6.65438374981e+16,4.42798139997e+15,-164.762134104,-64.9925913727,168.274900943
2e+30,1.7558890663e+16,-6.07399160938e+14,-3.45314319383e+16,95.4143373167,164.936900402,-152.027337862
2e+30,3.69883597034e+15,7.39148101688e+16,-7.60738028207e+16,25.6019911098,40.401349964,-45.8183978287
2e+30,-3.09899944246e+15,-6.36862204824e+15,-2.5066670049e+16,677.329324449,-546.756643805,-118.80692075
2e+30,3.87052913828e+16,-6.39101764962e+16,-1.71655165018e+15,-233.950588956,124.998281919,-36.0204349871
2e+30,-1.8132099102e+16,1.27970165538e+16,-9.29035087316e+15,133.071303064,591.635317628,226.86859371
2e+30,-8.26319807131e+16,2.55784432445e+16,2.18944865109e+16,-30.8211680343,141.359722458,-58.8427746872
2e+30,-3.10348601365e+15,5.26559052137e+15,9.35658352447e+14,-80.3114525464,-520.917339194,237.309946388
2e+30,-1.34451906441e+16,1.46200545646e+16,-2.05767956216e+16,28.6750955464,154.892411676,380.337834667
2e+30,2.39108604391e+16,4.04129651918e+16,5.76246537473e+16,101.251982662,-282.579048225,73.1039728962
2e+30,6.36009259847e+16,6.39144287771e+16,-7.856471504e+16,-32.4853298996,-187.002534263,36.3042812917
2e+30,-1.37733580736e+15,-1.48512631616e+17,4.08737379104e+16,2.89708189047,32.7409768061,28.9959336196
2e+30,5.70190104055e+15,-8.91189420191e+15,3.4880562009e+16,-94.0654166108,466.69566525,-178.229066959
2e+30,2.84763202305e+16,1.41826337597e+17,-3.24279582532e+16,3.08132191564,4.55422614478,-16.2600507827
2e+30,-5.49111017644e+16,1.18379754706e+16,-4.13080148507e+16,323.774907523,137.927237524,116.00381264
2e+30,4.26083451923e+16,1.36337690126e+16,8.01154726151e+16,-79.4813126309,-112.814039399,167.437638983
2e+30,1.62945559653e+15,-7.7265882154e+15,-3.60197380741e+15,411.266874379,150.343363617,124.436460977
2e+30,1.82554565259e+16,1.50802162354e+16,-8.64644972038e+16,136.058941767,-82.9919064837,176.497035
2e+30,1.2704065075e+17,-1.32435597981e+16,3.31438654442e+16,-55.7245109823,98.7898964483,84.8678599092
2e+30,4.08892568309e+14,9.47921142319e+15,-1.18669593792e+16,146.387806587,-626.942376667,205.486496233
2e+30,4.27483139014e+16,-1.41245540928e+17,-6.45565445405e+16,-65.1252448845,-14.3395797303,-32.42641495
2e+30,-1.2861047492e+16,-1.07236960936e+17,-1.56805058556e+17,-71.7101255314,-44.8018548223,-64.2558272156
2e+30,-2.33864796167e+15,-5.7958457741e+15,1.66728088473e+15,73.2983890589,265.418359998,-404.809901472
2e+30,-4.15022006825e+16,-1.31025007977e+16,-3.49482554669e+16,-215.567521195,149.477227185,-391.659461658
2e+30,-4.61703827513e+16,-5.27789616661e+16,2.37193687455e+16,-157.24372641,-43.4920024311,-283.451555343
2e+30,-4.84916570946e+16,-4.4290999135e+16,-2.79605127859e+16,187.138471248,109.826173318,364.626545747
2e+30,-1.57108693717e+17,4.08478981078e+16,5.16241476331e+16,-10.3433280826,-83.0816734125,88.5094775034
2e+30,1.02695322032e+16,-6.92004272112e+16,-7.91263901856e+16,166.066876751,206.994849244,120.176174142
2e+30,2.87278971974e+16,-1.39072275272e+16,-5.41959985666e+16,111.51349497,206.157982643,-60.000027839
2e+30,5.26997379817e+15,-2.72999734745e+16,2.05701734941e+16,190.882862145,-267.834903355,-168.529144105
2e+30,-2.11102123269e+16,-1.42264743365e+16,-7.4901347967e+16,327.774021559,-91.00797233,-116.305288057
2e+30,6.77030942813e+16,9.56318588066e+16,-7.00502281929e+16,-29.0406537512,-3.70606204337,-101.293293991
2e+30,-7.22599074973e+15,9.21499294258e+15,1.56769125538e+16,576.479399191,-177.370713283,-349.324802487
2e+30,-7.72872237939e+14,1.32013504057e+16,-1.78157786333e+16,-312.144264621,-38.7078487503,-226.667936106
2e+30,-1.49150922335e+16,-1.82548580689e+16,6.76427606558e+16,156.353470277,-14.3768892155,-107.215776349
2e+30,1.14201794598e+17,-9.998554686e+16,1.01786486934e+16,80.7099486191,-9.60654606938,49.485958511
2e+30,-5.6470860565e+16,-1.82084157276e+17,2.30654124941e+17,-16.5368482958,12.7095315292,13.6929946949
2e+30,3.68805538341e+16,-6.30812172848e+16,-1.05037644739e+17,55.8528215543,-78.7454454152,-70.3989148311
2e+30,-1.675090774e+15,-3.77492529336e+16,-4.95771649886e+15,315.426838552,212.210339259,-272.076562403
2e+30,1.10964750212e+17,1.79522146813e+16,5.19610506379e+16,64.54873361,1.02445548377,21.1331006946
2e+30,-7.02244674711e+16,2.2355293341e+16,-1.62892540033e+16,-36.1705573144,-267.415284745,-101.732708102
2e+30,1.8252990899e+15,-3.6647520929e+15,-2.37930209589e+16,-768.23854636,-11.1584972349,326.105276884
2e+30,9.17052220678e+15,-3.51989192381e+16,-2.58459681726e+16,221.766037389,-333.288112695,169.245088179
2e+30,-6.40417832695e+16,-5.14612877587e+16,1.53735260813e+16,-92.5707426708,-79.7155490496,-95.5299267591
2e+30,1.23619190514e+16,-1.41469361265e+16,1.08728875079e+17,-132.920427641,-82.2094432055,113.441597862
2e+30,1.50350453966e+18,7.0806046438e+17,1.01003733807e+18,-11.2119770982,3.77693781275,1.57205526067
2e+30,2.88003165877e+16,2.00549121304e+16,-4.5781123703e+16,112.062343263,-60.3937391416,121.129530661
2e+30,3.30690959882e+16,-7.20115592479e+16,3.11365421071e+16,-155.801430826,191.753555565,-166.499072656
2e+30,-8.7717047103e+16,-4.48703503359e+16,-1.134069946e+16,-212.212342653,-74.9298500086,-25.0540006863
2e+30,-1.80865936617e+16,1.99545786319e+16,4.68283251783e+16,236.667945906,258.580076986,-222.354836662
2e+30,4.90705904863e+16,6.57498854492e+16,-1.4929583852e+17,-54.1038676223,-70.0272276492,36.3428427346
2e+30,-2.08842381716e+17,3.66280242666e+16,-1.1418181068e+17,-29.5253631203,-21.5130508753,41.4799857795
2e+30,2.61903364676e+16,1.83858672579e+15,6.54421407674e+16,-326.751822961,-0.814679729388,1.26497092912
2e+30,-2.79733754531e+17,1.3365670916e+16,4.06307206441e+15,-0.145065487116,16.7472926246,-4.11787163195
2e+30,1.35030971472e+17,4.54130387069e+16,7.55263729899e+16,-35.3541588606,-48.5199310766,-33.4730749583
2e+30,1.71691054759e+16,-8.19512425937e+16,-8.79573075859e+16,132.645322318,24.0291756383,-41.7162503175
2e+30,-4.11878503822e+16,4.081090956e+16,-1.67003140922e+16,152.704978028,85.4316126747,24.4623049494
2e+30,4.73225891733e+16,5.93895033306e+16,2.37100400031e+16,-219.973745534,-99.1018603469,35.3707933852
2e+30,-1.23398992481e+17,-2.41607553612e+16,-4.25561114927e+16,-39.9863825528,-113.759830928,65.5718173003
2e+30,-1.5325496618e+16,-2.55228497951e+16,5.86522231983e+16,-46.0235341774,243.199225111,75.2342392812
2e+30,-1.08428470258e+17,5.99022721076e+16,3.29962482085e+16,-104.476951848,23.3294312812,28.2250982597
1e+30,2.30837024212e+15,2.72002633676e+15,-7.02311430516e+16,-96.0460142768,152.90116076,-124.077475491
1e+30,6.13329056822e+16,-2.41420574264e+16,1.818521371e+17,19.3242279378,-39.1107299041,82.6125935293
1e+30,1.95135601207e+16,1.58108756199e+16,-5.01071041085e+16,-58.5387603674,292.81374056,-221.886365004
1e+30,4.49884417317e+16,-3.18753887005e+17,2.80841943626e+17,-19.2992600685,4.69257980171,5.02840086409
1e+30,3.11257264425e+16,-9.81082265078e+16,5.24900633657e+16,18.2477461263,85.0755272315,-48.4806878316
1e+30,4.49937561305e+16,-3.57275745648e+16,-6.71584611995e+16,209.479101793,300.595825308,-67.6693903834
1e+30,-1.44926505217e+17,2.20429634219e+17,-5.34922057416e+15,-6.62518695371,19.3124445309,32.6028981692
1e+30,7.61233910536e+16,4.77485382783e+16,-7.89618735041e+15,-133.968998392,-64.0024331926,-145.443798515
1e+30,9.37547979242e+16,3.3090779112e+15,-6.34484396057e+16,113.577865882,5.15420181419,200.039739462
1e+30,-4.43886534111e+16,-3.24122556944e+16,5.34793359458e+16,-98.0303205568,54.106902199,205.653063447
1e+30,-1.82446121037e+16,-2.03062111266e+16,1.58513394407e+16,551.022273068,275.716860119,404.114860291
1e+30,4.00056403949e+16,2.01115279229e+16,-5.95335538309e+16,204.978127411,-200.590651193,162.450665385
1e+30,-4.57035210392e+16,-8.5088113851e+16,-1.41025066468e+16,105.545531531,-69.6049779135,-32.3545964615
1e+30,-1.95858497758e+16,2.05939432704e+16,-1.37282878711e+17,17.9378641272,-3.33170668506,-29.3709794456
1e+30,4.59766939458e+16,8.24737903152e+15,-8.03877560522e+16,-4.93479838482,83.4733103337,52.8986355713
1e+30,-7.57081769632e+15,3.58050335355e+15,-1.15938216186e+16,175.976627112,-34.2404044149,160.021062691
1e+30,1.03319944175e+16,-4.33408411955e+16,-1.49496497523e+16,-31.7295003161,-294.620919074,-317.047950732
1e+30,-1.88295403473e+17,-2.45363653398e+17,-9.3014544078e+16,-3.68969029143,-7.65511664055,8.01975891408
1e+30,7.91713557324e+16,5.07812334725e+16,-9.06849529601e+16,19.9297210931,-20.3347713989,-9.09764488115
1e+30,-8.2209069022e+17,1.0760306485e+18,6.5099187995e+17,-11.3874548156,3.96269244038,2.582127786
1e+30,-5.22031323811e+16,6.45318633516e+16,2.86083348843e+16,164.490971424,221.8377776,113.808885449
1e+30,2.483755952e+16,-1.99011276798e+16,-5.26942966121e+16,33.7661408518,6.16772354388,427.829149556
1e+30,2.50367753424e+16,6.3533008864e+15,-7.43403708118e+16,-179.955671545,108.636380207,-132.733101407
1e+30,-8.46223220836e+16,-2.35290744693e+16,1.9015305263e+16,67.0481080481,-51.0765996752,220.656710248
1e+30,3.08570825849e+16,-8.99095754962e+16,-2.96395134131e+16,126.718085402,114.184457573,10.5242401415
1e+30,-5.45336390475e+16,-1.64299639325e+16,-6.55884928666e+16,-94.6766007594,-141.71799375,122.354125726
1e+30,1.23438060249e+17,-1.97930175844e+15,1.26441984492e+16,-73.4730142353,-111.834892361,-38.8121550567
1e+30,8.73802731078e+16,7.39683563277e+16,1.30588736462e+17,46.2918172877,-37.7979857722,26.2570844529
1e+30,-2.44854331976e+16,-2.91388559497e+16,-8.33639648028e+16,114.665985014,27.667220471,176.066013196
1e+30,1.84545622757e+16,5.56463124115e+16,-2.07555754147e+16,-69.5374608312,-7.93201802005,161.464099009
1e+30,2.00969193299e+16,-4.79606123828e+15,-2.29101611153e+16,144.565470348,-111.478447257,155.673515149
1e+30,-1.27696384545e+15,5.69574441767e+16,-8.88254778508e+16,-72.6631833055,125.173604457,-83.0599121774
1e+30,-7.83397389369e+16,-8.850039506e+15,-4.63938838193e+16,183.6124819,33.0145532149,-13.1792034487
1e+30,2.09989504486e+16,1.60033425438e+17,3.95418161693e+16,30.7700782703,-19.7329467219,37.5380535782
1e+30,-1.19638326833e+16,-2.12451103461e+16,3.05457613706e+16,2.45630771743,159.12182805,-72.763098023
1e+30,-3.23289087241e+15,-6.57726577621e+16,-2.84913876973e+16,53.8166015558,30.310685897,37.099208668
1e+30,4.30268507183e+16,6.0160746015e+16,6.49599317136e+16,-106.259676007,-62.5928759362,93.5877744266
1e+30,2.50125005161e+16,-6.14116203784e+16,4.48012617129e+16,-3.58530364843,140.954630486,-51.1484305233
1e+30,2.19261236542e+17,1.62316661046e+17,-6.46067787462e+17,-8.36396884427,6.09736710996,1.12753274492
1e+30,1.26702591118e+16,-3.8518665191e+16,-5.54722042642e+16,-356.300177708,-46.218688304,-143.426100896
1e+30,-5.47179951631e+16,1.82460503023e+17,-2.71233077703e+16,5.32794945584,26.4358669353,42.4552650542
1e+30,-1.02400497547e+17,-1.28596512277e+17,8.09857343397e+16,33.8390448305,62.9958919318,-15.4958774566
1e+30,6.21179520522e+16,4.96382736898e+16,9.7696281415e+16,47.2825753335,-32.335190915,80.8967229128
1e+30,1.73932447903e+16,1.84378917646e+16,1.19732624798e+17,-37.3938820148,45.8948919546,-3.78817506033
1e+30,-4.5652979775e+16,6.48868747442e+15,-1.01971893731e+16,3.89800169679,173.406351314,-515.519248584
1e+30,-9.81192261204e+16,4.58257218487e+16,3.62554674301e+16,51.6879001616,169.405389917,84.6769416838
1e+30,4.15259732479e+17,-1.45824051604e+16,5.60269632498e+16,-18.7618461238,-7.49067399772,-4.37128124705
1e+30,-2.23469234752e+16,-2.46866946082e+16,3.95285252463e+16,1.86691173274,99.8549574024,-68.1290612009
1e+30,2.82640189352e+17,5.73879978157e+16,8.19793695954e+16,-21.4303308677,12.2416510687,-14.2151582405
1e+30,1.94148074989e+16,6.12533973942e+16,-6.07774554599e+16,101.061235892,12.2797212554,264.10621572
1e+30,1.37187194069e+16,-4.05461022897e+15,-4.488028284e+16,56.9205579968,433.036336632,158.324855227
1e+30,6.35335642388e+16,2.40746312241e+16,-1.74676836665e+15,-124.9475908,-155.099225201,-86.6333358457
1e+30,-2.38449577255e+16,-5.70455798052e+16,2.13522657204e+17,-35.61432492,-25.0520773689,44.5829554161
1e+30,-4.88532425457e+16,-2.08441772971e+15,3.3627070991e+16,126.409492483,-136.801921018,-84.3945016477
1e+30,-2.1222792337e+16,2.44376083257e+16,3.60420731252e+16,-9.14791626185,32.663723667,-22.6654013975
1e+30,5.47293710148e+16,1.33965411571e+16,5.91880561418e+16,-159.210915164,-44.5754125563,180.737752804
1e+30,4.10071366649e+14,-6.34715743513e+14,9.43750957393e+15,189.368976258,-562.326518303,114.521226347
1e+30,2.5772352423e+16,-5.94488584059e+16,2.56515765088e+14,-54.9823225479,42.6898404024,486.015343761
1e+30,-4.26146801029e+16,-8.79554599249e+16,8.95516324466e+16,21.2103791891,-41.2720165046,-10.221465568
1e+30,2.0857192768e+17,-3.87361276189e+16,-2.25245947324e+17,-1.65572865275,9.1698048426,-11.2701836183
1e+30,5.94821060983e+15,-3.03466795671e+16,-1.88119343275e+16,-158.770918811,-181.672219653,527.292513524
1e+30,5.96985986388e+16,-5.75380962509e+16,3.10345485514e+15,137.227000234,93.4850087066,95.6303165744
1e+30,2.58364696106e+15,4.04698524458e+15,2.47024735417e+16,336.507013688,-436.602788806,254.082211502
1e+30,-2.15305346914e+16,-3.45790055356e+16,3.06644389526e+16,-273.965675573,85.3751121497,21.6577955976
1e+30,-2.63572136292e+16,-1.57267002036e+15,-9.31936937296e+16,53.1594800649,111.59540925,74.3716474217
1e+30,-3.09727671757e+16,3.64124735542e+16,1.56634001091e+16,-141.79938061,379.431814764,187.751301491
1e+30,2.11577061913e+16,1.77525832624e+16,6.74924227129e+15,-173.149943188,191.82602634,140.642155057
1e+30,-3.51610134714e+16,4.04484808981e+16,-8.29081818032e+16,-40.0486842428,42.2642595818,-27.6174490069
1e+30,4.54974276997e+16,-3.08588498043e+16,2.21818358229e+16,-406.462475785,-131.891141536,-348.315795759
1e+30,-3.87034778989e+15,5.10416840914e+16,7.21846494469e+15,-80.9587994542,177.129160388,53.0574491956
1e+30,4.01597448927e+16,-1.42305640256e+16,-3.05553571172e+16,-142.092246873,626.324389574,-118.874398855
1e+30,1.83265772888e+16,-8.60005374313e+15,-7.49537184177e+15,-104.199821798,-175.198468102,-416.19394276
1e+30,5.16952984888e+16,7.14724754654e+16,-5.14669396675e+16,-20.8292627184,-87.1403880768,-89.19359678
1e+30,-3.07537162101e+16,-1.03479014694e+16,-6.05306170796e+16,-114.121637341,-297.241931206,47.7508591731
1e+30,-7.77814984103e+15,-4.06588394936e+16,-2.04508154553e+17,-35.3136557356,22.276947573,-3.51060820426
1e+30,1.98737136532e+15,1.43294890116e+16,1.15387423498e+17,-97.6450638831,-17.6282611244,-112.396959439
1e+30,-6.86018033655e+16,2.70335471638e+16,4.10155240489e+16,-75.9420929837,-24.1360309239,-77.4097820114
1e+30,4.87170295085e+16,-9.51655654355e+16,-3.55094268906e+16,-9.79455199129,-99.1711060281,97.9976052967
1e+30,1.43327699902e+17,3.13688971811e+16,2.54272352089e+17,-23.27758086,-8.10484001634,20.375936945
1e+30,2.22817805638e+17,-8.85397481043e+16,-1.39905818086e+17,23.9426630416,-10.2646759897,15.4510790132
1e+30,3.5175671582e+17,1.52796985294e+17,1.2866923777e+17,-2.3215562568,-10.0783306981,4.24220678671
1e+30,3.77556819779e+16,-2.8806124507e+16,-9.36778359472e+16,17.8172061595,-79.847355726,204.597055977
1e+30,-1.16375717399e+17,-1.36325539261e+17,-3.79117374803e+16,-79.6530954589,-26.4351174928,6.36219376174
1e+30,-6.83473040105e+16,-1.29778170724e+16,-4.20241479396e+15,206.344147043,-172.309289576,-115.018295525
1e+30,4.55366528016e+16,3.42776278066e+16,4.23682235881e+16,182.597975488,-127.230273926,-16.7871563427
1e+30,5.61883648645e+16,-2.96223078433e+16,4.8343867806e+16,-37.2159881257,93.2911778098,-119.66168773
1e+30,-1.84587972597e+16,-8.5687892469e+15,8.62396766575e+15,-260.430655516,-19.2508325881,531.594884494
1e+30,1.42222606051e+16,-1.01295325858e+16,5.88205424615e+16,-304.907941272,-24.7972269977,-226.237723684
1e+30,1.93857428132e+16,6.64322649311e+16,4.15337914202e+15,20.2671149688,124.580398686,-163.196924173
1e+30,5.57218664165e+16,-2.19231085362e+16,-3.63588482297e+16,175.460977522,-177.35069256,333.492270906
1e+30,-1.78652484731e+16,-4.39494781644e+16,2.12081306804e+16,-458.032689215,316.344606972,246.387854051
1e+30,1.8782201847e+16,-1.42223695163e+16,-6.19970466838e+16,325.779141286,-92.2200448954,-169.177849235
1e+30,3.31147631468e+16,-3.19947675494e+16,3.40079926102e+16,-106.44172887,346.903938585,-136.972311339
1e+30,-4.46898621101e+16,-2.56113787802e+17,-2.28398898045e+17,-10.2439010079,-11.8123905048,-14.004921932
1e+30,8.81248594171e+16,4.37709703031e+16,3.30582935791e+16,-87.5814299969,-95.8422922811,4.51718521634
1e+30,3.12827143887e+16,-1.33806572325e+16,-5.49090303014e+16,-86.5653435785,-426.335644305,58.4339779253
1e+30,5.01807886851e+16,-1.28153175373e+17,3.66269962694e+16,9.19421131034,-14.1601229795,-74.4859083173
1e+30,-2.31830941572e+16,4.21153265452e+15,8.69109352725e+15,-67.8457491069,-315.321873907,-442.475447678
1e+30,-2.55667877458e+15,9.44689156186e+16,-1.19330519213e+16,49.570180968,35.0689407674,62.9169717468
1e+30,-9.7656351392e+15,3.9945035316e+16,-7.53111575295e+15,422.43510059,131.081699306,-45.7042134206
1e+30,4.06408234738e+16,-8.74891873326e+15,-8.64788238938e+15,-391.476841502,-16.8793890985,-24.7096415573
1e+30,-2.16065102909e+16,-2.78109508543e+16,1.05234852892e+16,353.820441255,-495.090475264,19.1660533445
1e+30,-1.62858179938e+17,2.90951495888e+17,-4.1461724217e+16,-5.39405618077,-1.16016717663,-5.42230105723
1e+30,-7.49332581997e+15,1.21766524898e+15,2.51037369182e+16,614.832781319,-516.80069066,-224.441954175
1e+30,-6.13142665824e+16,-8.79576216705e+16,-9.43129640197e+16,29.6234167038,-17.0408591556,52.3205766419
1e+30,2.93456108041e+15,5.33410596999e+16,7.54300333413e+15,-288.401257207,-128.511458166,-67.4257817431
1e+30,-5.12315231042e+16,-9.47425133165e+16,1.00576559482e+15,75.574538836,141.752666572,-21.7083716788
1e+30,-1.83250279203e+16,-4.01708334457e+17,2.79525848023e+17,-17.4161037536,1.95962154299,-7.57596344577
1e+30,2.56578242876e+16,-1.41322564129e+16,3.55791858844e+16,92.2168885649,175.279195008,-465.91371833
1e+30,3.08241011299e+16,-3.50076155161e+15,-1.05592740099e+17,6.11972926859,44.26781727,-176.752112414
1e+30,1.31496899634e+16,3.79939372178e+16,-4.79304473451e+15,-118.781846218,144.180129518,215.964765134
1e+30,-1.20360837376e+17,5.71279030616e+16,-5.44697450049e+16,67.5869726415,8.90493228428,26.1153135925
1e+30,-5.7290848695e+16,-4.59560918251e+16,-3.97143433793e+16,205.094336954,-56.9013657319,52.2646177326
1e+30,-4.54626673277e+15,4.97146005948e+16,3.35181564523e+16,182.289060929,356.377939157,-95.3831914608
1e+30,-4.53286165098e+15,-8.4878558308e+16,-1.72525284506e+15,42.7240039058,94.5368053725,-75.9269399263
1e+30,-1.64499654081e+14,6.32244935482e+15,-2.73010602281e+16,-443.959817553,109.311188337,183.106141561
1e+30,-8.63576226407e+16,-1.30862544494e+15,-9.47493758067e+15,-109.746361144,-148.353596666,254.680188783
1e+30,-6.40497847713e+16,-1.89732776795e+17,8.1273350822e+16,-19.6502382493,-9.39624925905,-27.9641226511
1e+30,1.36760657768e+16,-1.18617260481e+17,1.22313039756e+17,-1.05905932379,33.1651406734,0.516809625684
1e+30,9.98708194278e+15,4.03698952758e+16,1.66521758308e+16,-103.285947108,-16.3510859943,407.580571277
1e+30,-7.81884053439e+16,-7.57822985235e+16,-4.72515670337e+15,-28.9935750024,160.819447986,211.976149798
1e+30,-8.71211328834e+16,-9.22448055693e+16,-2.00179063492e+17,7.51377033711,35.5138840764,-15.158755763
1e+30,-6.06495865899e+14,-4.28124243396e+16,-2.47931664655e+16,-92.5450060297,220.385998633,-35.0823863021
1e+30,-2.24905861028e+16,-4.70519889915e+16,-1.4109665904e+16,-123.4287129,-109.120282433,406.007592664
1e+30,4.70519050836e+15,8.36268185025e+16,-1.26292113802e+16,-211.625053003,-88.8543870296,175.309728451
1e+30,5.9425983922e+15,-2.58347128054e+16,-5.18454061011e+16,-276.073292562,210.958833127,-241.970658915
1e+30,2.03198703961e+16,-1.45547224291e+17,1.02353154781e+17,-66.3156594978,-44.9460679775,-42.9852358171
1e+30,-7.63251868026e+16,-7.44421425981e+16,-1.1029369759e+17,54.7823791329,104.401029274,12.6330094106
1e+30,6.95375733974e+16,-5.37909571116e+16,4.46268023074e+16,131.655987847,86.3811889026,-25.6789053907
1e+30,-1.97383399508e+17,1.68603258648e+16,1.1324249345e+16,-49.7451187536,-14.9466375374,10.8607442275
1e+30,-6.92076672386e+15,-5.99376844034e+16,2.81849518045e+16,-189.340351693,114.459113096,-157.641288425
1e+30,-9.86793315216e+16,-1.25397268345e+16,4.39807533909e+16,-96.4327682962,124.680213294,29.1141900881
1e+30,-6.04749562839e+16,2.57243091786e+16,2.29330572686e+16,291.82305831,171.87437928,174.398251938
1e+30,-1.33961524832e+17,-6.90755328616e+16,-1.07343693122e+17,-89.6507142767,16.1188979866,20.2675227245
1e+30,-8.34663662561e+16,-3.88833194785e+16,6.22055311773e+16,-82.9995726314,-50.9893746429,-199.681403999
1e+30,2.07643675508e+16,1.17213181471e+16,2.98280625523e+16,-71.5397228004,459.926453785,-162.891037427
1e+30,-1.34869021831e+16,4.09904465156e+16,2.16082570704e+16,-217.367097428,126.77877517,-254.044756685
1e+30,-6.06507929752e+16,-8.15025951505e+16,-6.89458988052e+16,60.7220972915,-79.5630062739,37.5934424003
1e+30,-1.544179456e+16,-1.02726723565e+16,1.30681602901e+16,64.1027178834,-218.138287236,125.004163743
1e+30,-8.80125128512e+16,2.07275940462e+16,-6.43265169658e+15,82.7883988868,-105.486557736,-60.7824823387
1e+30,-3.94613818848e+16,-2.85513737428e+16,8.20533378885e+15,-52.7543309622,176.051707326,173.152074756
1e+30,-1.13483115424e+17,-1.31599001752e+17,-4.2099711883e+16,-34.4963349171,5.14840141068,-1.82796822535
1e+30,2.97260632987e+16,-9.63801701833e+15,8.03172067822e+15,-57.3772971734,-391.875835596,-132.019135967
1e+30,-4.37293695266e+16,1.84600131673e+15,-4.43570352216e+16,128.698276074,-183.102256098,241.057763709
1e+30,-5.65452320482e+16,-1.26457063599e+16,-5.59000678756e+16,-10.2645894427,-216.366771837,-130.910989043
1e+30,-3.92564901276e+16,4.39442494176e+16,-2.31180068734e+16,-74.8227237776,-105.285353018,89.1281014492
1e+30,-1.87949514224e+17,-6.57776172568e+16,-1.5140603509e+16,21.4000326468,19.6385498373,6.38110210462
1e+30,-9.81995799803e+15,1.4569516788e+16,-6.53579812874e+16,-147.366237546,-278.891886446,-232.317234724
1e+30,3.89647161545e+16,1.87607852578e+16,5.52062310001e+15,-184.306800964,-221.477771789,-109.851857226
1e+30,2.87183587466e+16,-6.22877123963e+16,-3.53378407536e+16,-214.096025886,67.8298731897,103.627898099
1e+30,2.4536352747e+16,-1.11013286684e+16,-4.0388412693e+16,-96.1222132282,-164.385792563,339.02455554
1e+30,-4.0008915337e+15,6.48947472065e+14,-9.74830437963e+15,-414.959552388,205.631698951,176.915046373
1e+30,-6.27798800055e+16,-6.35521976028e+16,6.60718143459e+15,-31.6889358335,150.665461066,139.606453564
1e+30,-5.91846150702e+16,1.02656048974e+16,3.38636142388e+16,-25.4047028612,154.413487013,-222.8765251
1e+30,8.228472835e+16,8.62197066427e+16,3.46702278359e+16,79.9687807234,57.1884564808,105.907076992
1e+30,-1.74368772818e+17,2.22899220558e+16,-7.33901355168e+16,-9.80778976119,33.8118577034,25.4669230236
1e+30,-5.39935259024e+16,6.85901660475e+16,-3.84862086358e+16,-41.3562387366,113.356400115,-163.884190074
1e+30,8.1794009595e+15,1.83059647935e+16,-1.06804327965e+16,534.705659766,-133.841768604,165.592208017
1e+30,2.44053391766e+17,-1.74077963894e+17,-9.03730890809e+16,2.80436972143,4.69685478647,7.18124358401
1e+30,-2.48096366251e+17,1.6289412321e+17,-1.78060360284e+17,-2.5181183654,34.3512430834,-3.757864206
1e+30,7.2498705063e+16,-9.47626027672e+16,-6.79051881389e+16,51.2008972947,-118.117091983,-33.4397241426
1e+30,1.77167880321e+16,1.91255142436e+17,2.41559370431e+17,-25.8422359882,-11.5532094455,10.9239220255
1e+30,2.79101038304e+16,4.04890111051e+16,3.96474802042e+16,-201.724519402,-19.8564096518,158.436430818
1e+30,2.61179832152e+16,-4.7731377686e+16,-5.94267634459e+16,101.145253658,-1.30344908044,301.537276778
1e+30,-1.19038159533e+16,-1.10462999713e+16,5.79234853564e+15,-327.61465868,400.849765739,-151.166034826
1e+30,1.39191890722e+16,-1.59920546724e+16,4.2744311735e+16,-205.366262065,-10.9936143451,169.032196637
1e+30,-1.41141459074e+15,1.45006720828e+16,4.25733339341e+16,-172.289884272,208.990806559,136.415057446
1e+30,-2.72045458193e+16,1.0645018623e+16,-7.97473979045e+16,-49.3266584419,229.105843257,168.456386277
1e+30,7.76130766419e+16,-2.15456298857e+17,2.29660445525e+17,-10.5617970417,-12.6815973524,19.823195954
1e+30,1.50129425412e+16,-5.18798032912e+15,-1.8981437107e+16,-332.280835654,775.732179665,290.634695101
1e+30,-3.43028512459e+16,-3.1017579903e+16,1.30105970396e+17,104.554409596,-61.1071522537,72.2726512943
1e+30,-8.81976035382e+16,1.37866473465e+17,-7.37537536477e+16,-40.9038951891,65.1931364956,-22.0921193616
1e+30,6.67250952952e+16,-1.57796777298e+17,1.48133837286e+17,-3.53146193973,23.0485706827,-13.6373777272
1e+30,3.79853905253e+16,-3.40391966042e+15,-4.61134647878e+16,54.4571200656,342.349393702,11.4963668061
1e+30,2.6521356832e+16,-1.1160496953e+17,-4.68696307509e+16,30.876543397,-103.799904643,-10.3159669325
1e+30,8.17185528274e+16,-9.39360924801e+16,2.90674367971e+16,57.0053515782,21.6338845529,-47.7158743954
1e+30,3.21239405752e+16,1.4484835219e+16,7.57522034377e+14,-213.775512411,361.060827864,427.535490081
1e+30,7.60657401814e+16,-7.04624330682e+16,7.4610609901e+14,-193.788016318,97.6858309755,-37.624296603
1e+30,1.02286614871e+17,-1.13605930476e+17,4.94396258834e+15,-14.7136768473,28.5463997983,-49.2281259868
1e+30,1.41852544263e+16,-7.40753290345e+16,1.19363129436e+16,-143.526754497,217.334531781,-133.599779741
1e+30,-9.59367181909e+15,9.68622113034e+16,-1.28597897661e+16,-47.9016993268,-113.26168871,-40.6382126666
1e+30,2.76333193114e+16,1.53525448259e+16,-6.39281508852e+14,-4.67789884985,-361.6907319,-554.427178177
1e+30,8.83847575951e+15,9.55754339724e+16,-4.76948878167e+16,139.919592513,119.260655821,-42.5719113177
1e+30,9.31147485993e+16,3.70152449126e+16,-1.94466048167e+17,-33.4605375,-15.7884681507,62.1974159292
1e+30,4.9868474917e+17,-2.05517080515e+17,-1.13650823279e+17,-16.0460073448,8.22391572394,2.34100208615
1e+30,6.10920282152e+16,5.31151421877e+16,1.29774911512e+17,-51.1225494851,-47.8096726543,-97.5258096362
1e+30,1.94252737182e+16,-1.02264594571e+16,3.3830412998e+16,-268.028489987,256.239360064,423.117729608
1e+30,-2.7558220058e+16,-7.06349119504e+16,3.14081518433e+16,113.27040055,-102.323911313,169.148602745
1e+30,1.23004516688e+17,3.0520527381e+17,-3.81354547784e+17,-4.25979466638,6.30744819847,10.4039062085
1e+30,-5.14920548066e+15,6.9221791017e+16,-5.40081936746e+16,244.790935323,-235.475550139,5.89298590391
1e+30,2.84410306856e+16,1.55407016977e+16,-1.56270470455e+16,557.836386922,415.931358986,-111.229710098
1e+30,7.32317459862e+16,-1.32431322714e+16,-1.52733449782e+17,-55.0949332631,28.974143953,-47.9666293677
1e+30,-3.13098469233e+15,-2.92188410038e+15,-2.03944564153e+16,-266.595746955,282.527667719,-313.756748415
1e+30,5.09160661975e+16,-4.57830740795e+16,-9.49023253859e+15,14.1808341056,326.169574383,-203.363404808
1e+30,-1.78087780112e+17,-2.49087790282e+17,1.96527503803e+16,-21.0090214262,15.6642279434,6.80669884973
1e+30,-1.89356293043e+16,8.5947053665e+15,-2.13461403595e+16,332.397949215,164.536729114,112.333907287
1e+30,-1.18994210769e+17,-6.64654319328e+16,2.5346329324e+16,50.201708471,-77.4943942037,-3.5274267058
1e+30,-6.99025417919e+16,1.45335659924e+17,-1.09723928378e+17,58.7711812376,13.6467019763,-16.2151880502
1e+30,-5.29490749131e+16,1.59950857695e+16,5.51312473638e+16,250.730463696,-102.700945001,-121.387006423
1e+30,2.16003998031e+17,1.35231754299e+17,5.0895292554e+16,-34.333964391,-38.0007069903,-17.1789147989
1e+30,-2.14077603843e+16,2.10012512809e+16,1.97092469151e+16,-142.798933742,150.882056576,360.021867277
1e+30,-3.42330851428e+15,6.55845747146e+16,-1.15846752124e+17,21.6094516288,-21.4678123198,20.8695892788
1e+30,3.19164981961e+15,-5.48031580962e+16,4.98125069521e+16,192.442441421,-36.3171650061,-134.271571406
1e+30,-1.07551822299e+16,-9.36084663201e+16,-1.04187916163e+17,-88.7753245094,84.0765998992,7.09701048822
1e+30,-8.54150719719e+16,-2.07147084817e+16,5.4548103129e+15,-109.943894678,106.585025204,-97.8935728696
1e+30,-5.0830849438e+15,-5.7063107389e+16,-5.73944940077e+16,-63.5778632056,293.449191082,-306.692099926
1e+30,4.2748919126e+16,-2.21429389663e+16,-5.51244359074e+16,-107.230583198,-142.92310715,63.4237207805
1e+30,4.09673092291e+16,-1.94457613112e+16,-2.17793054142e+16,-165.130427985,242.481216449,-176.605790895
1e+30,-1.57648912207e+16,-1.66389895416e+16,-1.10065256301e+16,519.801139039,-171.755820055,-43.7305616754
1e+30,4.91857873444e+16,6.42760721637e+16,-6.23619075321e+16,-101.083843817,107.069471003,-10.4838705759
1e+30,-4.51504282015e+15,-8.82948081998e+16,-1.89496726389e+17,-73.7429444195,44.7323079257,-6.70531389704
1e+30,-1.51849725644e+17,-1.13564483826e+17,7.44089333809e+15,-15.543765943,-6.85508972348,58.5389712567
1e+30,5.59279305872e+16,-7.06465807585e+16,-1.09133299782e+16,46.5679365966,-26.3117970193,-19.4029437599
1e+30,2.69547197417e+17,-5.66306403143e+16,1.27330058113e+16,-39.1557034966,-1.34366936595,36.566777611
1e+30,-2.53922012856e+16,6.94491901574e+15,-1.47067279224e+16,358.322108858,329.889689599,579.545599693
1e+30,-1.46191897827e+17,8.64175670871e+16,1.96282105184e+17,7.5781551324,-17.1618360402,13.9922722711
1e+30,-5.72832319137e+16,-1.7222720065e+16,-1.63606685143e+17,18.7668563449,-4.79703846196,-30.6591562577
1e+30,-4.52358080877e+16,-5.45695470706e+16,5.29499127593e+16,84.2512481144,216.108244631,-9.97833562761
1e+30,6.13754442797e+16,-1.78927403931e+16,-2.21257146391e+16,-213.404580193,-61.2708435946,-125.864847615
1e+30,-2.99597711809e+16,1.30462545159e+16,1.36879549842e+16,-8.30527408587,-135.604866184,68.2796083686
1e+30,2.06309993973e+16,-3.44187781693e+16,-1.63376689738e+16,-200.079597214,229.20302067,119.280679304
1e+30,1.13543203411e+15,-2.6850847485e+16,1.057487809e+15,-478.111349496,537.550685721,-598.747497626
1e+30,-2.73309253022e+16,-2.71282597075e+16,1.47687312613e+16,350.342194765,-13.7901781875,363.892683082
1e+30,-8.85882198144e+16,-1.22708872179e+16,1.51317421462e+16,-41.2111503252,-28.4563802233,11.5449644997
1e+30,1.55643958423e+16,-4.35663600326e+16,-5.59991366151e+16,-49.630595015,-203.579682585,97.2912450132
1e+30,-3.35190343956e+16,5.75907119222e+16,-1.92065242501e+17,-9.77941628942,-36.1958602388,-15.6765634646
1e+30,1.65267891856e+16,-5.36945033415e+16,-5.70794418882e+16,105.330723903,75.0859382747,-3.46012161095
1e+30,8.08774231071e+16,3.14613168738e+16,1.28793534821e+16,23.5019752618,-57.8657687514,69.7432003023
1e+30,-2.28165830754e+16,2.62081478346e+16,1.40016888354e+17,-27.8497575155,-9.86324180778,68.7019089188
1e+30,1.07014644422e+17,-1.84887651894e+17,-7.52362855795e+16,13.4712178447,15.2203785016,-17.3947442278
1e+30,8.92148283917e+15,3.68856028545e+16,-2.14388034879e+16,-295.688659182,77.7703047887,-331.27839107
1e+30,3.3854716803e+17,-1.26874453298e+17,1.00210118701e+17,-0.0727593147963,-7.06697619691,-7.43005735738
1e+30,-2.80450846266e+16,-3.24343669666e+16,-1.10523462381e+17,-202.530150905,-0.816534714118,187.529219778
1e+30,-9.5759449194e+16,6.58711238138e+16,-4.56241924687e+16,24.1649956496,82.0340047778,140.325846255
1e+30,9.32591282262e+15,-4.87395529057e+16,2.20783021753e+16,-202.112765394,-67.9797454904,-286.538188876
1e+30,-4.87384001848e+16,-1.08327957209e+16,-4.58971181152e+16,4.36709149444,-255.798967561,10.3130781073
1e+30,-2.00258067146e+16,-2.20156194926e+16,4.8826218433e+16,-58.8049817249,-171.264092901,-206.321053204
1e+30,1.30950081171e+16,-1.45190421054e+15,2.42907803833e+16,-363.526268694,38.3356971773,-285.577368942
1e+30,9.45917617152e+15,4.30596769331e+16,5.87228446643e+16,-9.50497710659,25.1576984308,76.9344575948
1e+30,-1.6661202171e+16,8.60933366502e+15,-1.85490642734e+15,386.598599202,-254.32688169,307.42786955
1e+30,-2.03196550436e+16,-1.47159262314e+16,7.60137752366e+15,113.233351177,381.593071325,178.199776539
1e+30,-1.14596377243e+17,-7.44274574329e+16,-1.45391648561e+16,50.1739514183,-22.9589748079,171.085757758
1e+30,9.79767197676e+16,7.55350019106e+16,1.46816905466e+17,13.3928485692,-4.56467532436,29.0231368505
1e+30,1.35678353671e+16,9.56718896274e+15,-2.3895201978e+16,-185.922778085,-102.235181308,-299.003290071
1e+30,-3.50993265944e+17,1.04648957738e+15,1.02142346346e+17,-11.300361378,15.8332650517,2.2387416088
1e+30,1.54695913219e+16,-9.11719749397e+16,1.6711734316e+17,42.8546114839,46.3141410336,-9.11879533644
1e+30,-4.65235474283e+16,-2.4346821409e+16,-3.21995327474e+16,-176.889061769,-210.891686864,0.208364671266
1e+30,-9.98906395399e+15,-5.1911340422e+16,7.35398218867e+16,-13.5425496696,71.4236940574,28.8517412921
1e+30,6.92770118247e+16,1.9221112636e+16,-5.92342301247e+16,131.8161057,-94.9449407754,-49.5190685001
1e+30,-8.47400997556e+16,-7.76727875935e+16,1.86193582606e+17,-12.7986008002,10.8122451366,47.6833337727
