2e+30,-2.01551155494e+16,3.62816002292e+16,-3.28999498044e+16,-26.1702104856,-135.168141266,-116.040773347
2e+30,1.89767268678e+15,-1.65356946208e+17,-2.5760106445e+15,11.370318235,-65.9190779354,55.458457092
2e+30,-1.77700205297e+16,-8.92327109304e+15,-2.50190135348e+16,-160.188142584,433.9290178,57.7706580402
2e+30,5.73334992144e+16,-6.12640555712e+16,-7.59473920184e+16,-30.7154125708,-54.3627789078,158.391782829
2e+30,9.2448514078e+15,-7.62190115271e+16,1.71494571727e+16,-15.0722490669,90.8630670198,-60.9944215306
2e+30,-4.95495454994e+16,2.929162888e+17,-7.4189635658e+16,-20.9726781172,7.60878634634,5.03612034072
2e+30,-5.94237594337e+15,3.38851134741e+16,-2.77510734806e+16,-52.9212519315,-370.307924081,-128.149887934
2e+30,3.93319106265e+16,4.76632052603e+16,-1.74314293882e+16,-265.824670569,-54.8954800895,155.152185742
2e+30,-4.68447094322e+16,-4.09001762882e+16,6.5154632722e+16,19.3204277949,-73.5744642011,-57.9843665534
2e+30,7.71108602453e+16,4.72286962124e+16,8.6213040967e+15,50.680729163,-20.2637541681,174.939961814
2e+30,5.49893595051e+16,-1.78071800965e+16,1.32242964055e+17,-49.9608875531,-60.9599869834,0.712569103786
2e+30,6.64071170593e+16,4.4731726872e+16,1.55322784145e+17,10.945265154,-97.9907740734,-33.443294345
2e+30,-1.15765799391e+17,-4.34566549806e+16,1.08585932441e+16,9.0961356835,71.9513579844,-68.1516615712
2e+30,2.53855708388e+16,8.30188334655e+14,1.07793281694e+16,139.917409195,371.374191036,-146.507359116
2e+30,3.0960904552e+16,2.84989858939e+16,3.67277975496e+16,9.5680662886,378.755732738,-28.3748665701
2e+30,3.40284882438e+16,-3.95343785045e+16,2.81718423254e+16,-132.567065756,-112.533761867,312.833955093
2e+30,7.31031127105e+15,6.07962166147e+16,3.82215605148e+16,62.1475024337,-46.0244111747,54.6736352892
2e+30,2.06698325373e+16,-5.51910959934e+16,2.65474353779e+16,-171.600398066,230.495898593,219.904459086
2e+30,7.6281301693e+16,1.33646305477e+15,2.28877742209e+16,-207.581171814,114.289321663,340.23535782
2e+30,9.57756934937e+16,-6.89754266047e+16,2.08170513585e+16,-87.9627653692,107.399701825,-81.1603464627
2e+30,-5.60859048647e+15,-1.15233436781e+16,7.89234047928e+16,261.961704373,175.568688883,-101.830401571
2e+30,-6.79592156874e+15,-2.45941250021e+16,3.00288663156e+16,447.321726307,-434.293162936,67.8219967788
2e+30,-8.37442471481e+15,-6.81853947966e+16,-4.85557935295e+16,-9.2488445254,-184.102499289,49.5967782627
2e+30,2.15622715605e+16,1.71470803098e+16,5.39230644517e+15,-382.784035713,-750.634712543,-134.738005463
2e+30,1.35951830715e+16,-5.82788869358e+16,1.29134389396e+17,67.2675048142,48.9828813946,70.2719531313
2e+30,-8.73067451359e+15,-1.36415457769e+16,5.81633422358e+16,110.347173579,338.793358379,-363.424812009
2e+30,-9.41063358448e+15,1.65103079627e+16,5.82345565915e+16,281.733389544,-109.762895653,-10.3138813168
2e+30,7.66391149324e+15,-2.54296072043e+16,-2.1114927808e+16,59.2403518075,274.236964864,37.7288650724
2e+30,-1.28196269926e+17,-4.01037243797e+17,2.37439987432e+17,-4.01400488929,-12.3238904517,-5.1760108562
2e+30,9.76927824985e+16,-7.39312657483e+16,1.62919798101e+17,-48.7024545463,-5.0325471578,-12.2093872411
2e+30,2.77923611692e+17,9.95522199066e+13,-1.69843471629e+17,-12.2210210083,-10.8873051879,-8.05663223312
2e+30,-5.8412841746e+14,-2.16078879014e+16,2.75260046857e+16,-153.671988693,74.391682686,193.805033556
2e+30,1.00517487586e+17,-4.28765725004e+16,-3.6315954165e+16,23.1488870695,158.525318917,61.0614635254
2e+30,-1.919179421e+16,-2.66375948358e+16,-2.5044067125e+16,-323.607277813,-99.7270145863,-79.7308552615
2e+30,8.06775883847e+16,-8.4121811038e+15,-3.58339907178e+16,-97.3756889388,173.432574652,39.3574690307
2e+30,7.4051657511e+16,-2.58337006559e+16,5.44973511988e+16,-115.631454527,29.8016984035,-78.2356545669
2e+30,-3.25948951644e+17,-9.1952717192e+16,-8.84979405808e+16,-15.926046367,-6.48578891512,-2.82516709232
2e+30,9.88170882184e+15,5.77603092371e+15,1.22662389839e+16,-22.0853555707,-685.192774,-524.985501233
2e+30,3.64822973133e+16,-4.48445335212e+16,-2.19708406301e+16,-345.151894938,-280.929113257,-339.695615015
2e+30,-1.49582910815e+16,-4.15292528826e+16,6.73153978534e+15,136.263815015,-364.262467033,-92.2017473052
2e+30,-3.18965710101e+16,6.62766443935e+16,4.43095183955e+16,156.252311994,-44.083628094,16.3931806878
2e+30,-3.46865167507e+16,1.65725598553e+16,1.00293964798e+17,-17.1444094111,-1.20669134342,-56.3696108532
2e+30,6.32500167524e+15,-2.54541217549e+16,1.92808352594e+16,-499.937151116,-205.192197834,206.842256894
2e+30,-4.23034495607e+16,-4.88826000515e+16,2.84200432911e+16,124.48898156,-364.340712374,271.317606672
2e+30,-5.21422244692e+16,-6.9150587471e+16,5.21184196163e+16,46.9112388997,97.3016549998,159.42105909
2e+30,3.58469813954e+16,1.45821518829e+16,4.86563430297e+16,-242.268108871,6.79083445266,-63.0964924987
2e+30,-1.8598448525e+16,-4.64539502735e+16,4.06105059935e+16,-225.436676851,175.703641705,-238.914460928
2e+30,-1.70258845037e+16,-6.36797767687e+16,-2.3330396766e+16,-63.8579744573,175.461854184,123.692112426
2e+30,6.48470077282e+15,-7.706059906e+16,-2.79987537471e+16,-103.230568352,-25.9248045849,-42.0506401123
2e+30,-3.34078180975e+17,1.90975357436e+17,-1.1137557974e+17,-4.12994719995,-12.1961458553,1.98578457278
2e+30,8.7635188746e+15,-1.20195970375e+16,-7.13086983275e+14,288.407882899,-466.772793732,242.957388428
2e+30,3.50323260604e+15,-9.57415654038e+16,4.23996652656e+16,93.5490012771,-47.1072344603,-146.712367889
2e+30,6.65142076606e+16,3.5984786237e+16,6.81457443134e+16,-98.2124836017,233.628377239,17.0064203471
2e+30,-4.36462810777e+16,-2.6334585514e+16,-1.18787554428e+16,48.1876581687,-239.665567754,380.50845098
2e+30,1.91463516689e+16,2.067701983e+14,-2.99390608522e+15,33.7238105226,344.089050902,-134.879948225
2e+30,8.03547795656e+16,5.70186908646e+16,-2.84990307752e+16,-177.051382861,113.569926421,28.8947010056
2e+30,2.97216270922e+15,4.57033260665e+16,1.76582015589e+17,39.8670275882,12.7381626606,-8.30340316158
2e+30,9.40129459142e+16,2.93471717054e+16,-3.67774060179e+16,43.9487741404,85.3073611707,-18.6177383169
2e+30,2.29241431031e+17,-5.55706527313e+16,-9.09541467798e+16,-7.38307139703,-7.80327758205,30.6935085425
2e+30,7.55477252429e+15,4.79749027953e+16,-4.13668074922e+14,-297.431429186,-93.3205210384,217.212289096
2e+30,1.36020768981e+17,3.43801566785e+16,-2.44252845068e+16,-16.1228343658,-102.733894795,90.7362190378
2e+30,7.72736492621e+15,1.54420572998e+16,-1.97528076958e+16,125.013994053,-82.8437051374,646.435252229
2e+30,3.67684716898e+16,-1.67287645989e+16,4.85176997949e+16,-206.477030804,71.2819802752,-78.4327129403
2e+30,2.21113470616e+16,3.99363915019e+16,6.83832839804e+16,1.28918355836,-50.4361397462,282.497702623
2e+30,-1.11434858081e+16,5.72217550036e+16,1.37479762559e+16,37.5336673175,-192.176027326,160.822623827
2e+30,2.71240628047e+16,5.5208178756e+16,-9.25806263553e+15,297.155561917,-163.233260653,-114.64039334
2e+30,-3.59256186871e+16,1.80658006611e+17,-4.1182997863e+16,-53.5048184951,34.3808762835,0.653775222965
2e+30,-9.78104977717e+16,4.93308553219e+16,2.03169918028e+16,51.011454912,-40.0307606952,54.7837661161
2e+30,1.90497270703e+16,6.27153151795e+16,-7.34414568891e+16,5.95460731159,-92.5478529364,169.710939326
2e+30,-8.09779541118e+16,7.48978649662e+16,-3.68022103883e+16,41.2206959553,25.612264068,92.7826370068
2e+30,8.02654415994e+16,2.04921177954e+16,-1.59194651871e+17,-0.279492035535,33.0614707605,-34.000940411
2e+30,-1.14881689905e+17,-4.04796263065e+16,6.1547641147e+16,40.6743952417,39.2969626418,-73.0090186067
2e+30,1.47230719285e+16,-2.0570025212e+16,5.31242906499e+16,105.414945326,280.575930171,33.8228057586
2e+30,-5.30105577618e+15,-7.69833582817e+16,5.14224270082e+16,103.379734576,13.4104299991,-51.9366242756
2e+30,-6.43259887352e+16,-1.18020540462e+17,5.9865788444e+16,109.957671927,-11.7650407236,-18.087691292
2e+30,-2.74723255067e+16,-2.23955218498e+16,-1.79232333792e+16,-134.992280966,79.1620232322,-299.150827532
2e+30,8.37258617741e+16,4.2417949423e+15,-9.39314318802e+16,43.2861294328,-24.9565963405,0.0651513814101
2e+30,9.08313284055e+16,1.11885445888e+17,-7.95644937009e+16,-24.8161700989,-81.9511824052,6.55983624689
2e+30,6.80998811648e+15,-6.04649899665e+15,-3.61159206075e+15,-211.817513458,529.316136626,-45.3714439605
2e+30,1.84336140815e+16,1.53694083384e+16,6.93630168759e+16,33.5059111658,-50.17877144,-156.394002229
2e+30,2.61145930126e+16,-3.3393202029e+16,4.0145320956e+16,-82.5182876948,176.931967026,400.121329501
2e+30,1.05942084012e+17,-8.21584675993e+16,-1.19860208182e+17,20.6365929386,-41.9707220981,-7.14905481128
2e+30,-9.34202697881e+15,-1.33282921577e+17,-1.19053752672e+17,-76.8817799662,-39.7675341531,59.1250858949
2e+30,-2.5353364304e+16,6.39282933707e+15,8.84573547471e+15,450.343761481,29.1890910983,-190.895356107
2e+30,3.11425494507e+15,-1.56816125958e+15,1.14483092294e+17,27.4803799193,17.2389605318,-140.661946982
2e+30,-3.20527520659e+17,2.17303633934e+17,-3.97796966504e+17,-2.55256577254,-3.22019394805,9.25858101338
2e+30,1.02450058087e+17,-8.0741052255e+16,1.26955947755e+17,3.85822810612,-71.0810455308,-31.8237356945
2e+30,1.27763759164e+17,1.22284856867e+17,1.11452126206e+17,63.353655208,16.9658164432,-9.23199924578
2e+30,-3.63998955126e+16,9.79186145777e+15,-1.90476450515e+16,-27.0946821162,-139.007228733,384.453214549
2e+30,4.84458793083e+15,6.38237230083e+16,3.12937389014e+16,-187.083669383,57.9114418184,-32.0436868517
2e+30,4.46042372134e+16,-2.3423698457e+13,-2.32126348831e+16,-275.630572591,-210.034779603,410.345645603
2e+30,-7.81433115715e+16,-4.92257591234e+16,1.18479271144e+17,39.3080278951,100.577386041,-8.74004499741
2e+30,-8.19743885896e+15,-1.07828166406e+17,-2.20236170072e+15,90.8894296973,-33.1031442436,-6.11279956449
2e+30,6.56792191449e+16,-1.43910355946e+16,-1.02005542601e+17,124.450039116,12.1503546501,-39.2450012902
2e+30,2.063696345e+17,-5.92444654951e+16,-7.40774347547e+16,31.6453933118,-0.714596199938,-5.05176588282
2e+30,7.63874196337e+15,3.56599410235e+16,-1.41936668558e+16,109.789454304,-300.429805698,-205.690657841
2e+30,-9.96813139997e+16,1.05893326827e+16,1.15454851601e+16,-35.3966107792,243.750005544,-53.3375870674
2e+30,1.66190849014e+16,-1.58571204638e+15,3.82146717017e+16,-400.397742289,-143.47390323,-51.8483307845
2e+30,3.02545554294e+16,5.6433909979e+16,-3.854678979e+16,14.8077750316,-52.5580410042,170.713318128
2e+30,5.74621391214e+15,-1.10594244276e+17,-1.46464016008e+17,-7.48053829034,-51.4247911905,-64.4141204474
2e+30,1.49147619078e+14,5.46346802093e+16,-1.90754642315e+15,154.457266247,125.338622716,202.949884482
2e+30,2.44309173555e+16,-4.12096511553e+15,4.86142480686e+16,99.1768942324,-66.5308502198,-94.684133207
2e+30,-1.42164244188e+17,3.51159977821e+17,9.46746856917e+16,-7.93150995041,-20.4749070854,8.24598200219
2e+30,6.8852179384e+16,-2.23124199778e+16,3.47844574803e+16,-107.782159296,-58.0991677682,-1.41512937561
2e+30,2.9312079255e+16,3.21783487717e+16,3.96261035886e+16,360.306100713,125.292751736,197.492265262
2e+30,-2.23005815521e+16,-4.54564082459e+16,1.20033628941e+17,1.54644984064,172.245160835,27.2962102254
2e+30,-2.16483790532e+16,3.30662468996e+16,2.1322316025e+16,549.513437918,121.719923568,-21.3642516807
2e+30,1.3820324436e+16,5.57318739288e+16,1.55580662482e+16,161.029527133,-385.575996988,-325.288871564
2e+30,-5.7234412691e+15,1.174480497e+17,-2.28566751789e+16,19.5832288263,-40.12120308,83.6295695687
2e+30,-5.59451236737e+16,-7.06922857766e+16,-1.14223846432e+16,-41.6019478393,-8.50949949547,136.699449515
2e+30,-5.10257897432e+16,3.28128248289e+16,-6.88567135572e+16,112.253883778,47.2245068221,81.3911833022
2e+30,-3.34584053208e+16,2.82449896516e+16,8.80067109131e+16,-16.797475205,-73.7137080406,124.529990045
2e+30,5.49856775883e+16,-2.33211804592e+17,-6.167382855e+16,0.838519650431,40.8437911361,10.4554869102
2e+30,1.37177569019e+17,1.22383447322e+17,1.49169745337e+17,34.7243661003,35.7654358912,-0.626892699041
2e+30,-5.69214358178e+15,3.91067641092e+16,2.2474317411e+16,16.2987647548,56.9176243376,-357.655101329
2e+30,7.4794846641e+16,1.40455970503e+17,-3.52052709689e+16,101.789138848,10.3288570652,19.1322873308
2e+30,-8.31636766564e+16,1.99564525396e+16,3.22557769309e+16,-65.3807608954,66.3181735181,-154.981635429
2e+30,-8.79802734094e+16,1.17348999723e+16,-4.46579620068e+16,-12.691128024,-3.77997415914,63.2708755467
2e+30,-3.66712256313e+16,6.6053320493e+15,-9.08090160981e+16,-12.9648518233,40.0360907637,1.5532103859
2e+30,7.14235932741e+16,4.88556294276e+16,-1.95849771245e+16,-62.815720399,48.4448973315,278.785648187
2e+30,-3.53237868422e+16,-1.59250509728e+16,-9.53162499111e+15,114.912697399,182.530395243,359.595346212
2e+30,-6.30249828235e+15,1.38884264097e+16,-5.4975837386e+16,-94.3703139283,-233.233640163,-103.480198175
2e+30,-4.07457421331e+15,-4.95428010141e+16,-1.19751935036e+16,75.6162167681,-81.8786864671,37.1323702495
2e+30,-2.59517530201e+16,-1.37531550425e+16,9.303863318e+16,124.935860994,-173.484440362,92.9098187045
2e+30,-5.96348878589e+16,1.62171494848e+17,-1.00586393146e+17,9.67894294172,-12.9196657744,-34.7615969745
2e+30,4.92693974223e+15,-8.62995280643e+16,-4.15168310323e+16,92.4735856092,140.590455873,151.937150044
2e+30,-2.34332420955e+16,1.41445894997e+16,3.61548503888e+16,-351.813205171,-55.6175886725,-309.569996579
2e+30,2.06417605308e+16,-1.28201045786e+16,-8.52119016916e+16,138.287689694,4.2929060611,-80.8230263282
2e+30,-2.20264065842e+16,-4.6907083377e+16,2.68782493332e+16,181.771660753,151.056493668,-40.1377617313
2e+30,1.96201416533e+16,3.30364782546e+16,6.87974779527e+16,238.293639238,200.135172404,114.705908031
2e+30,1.15253307647e+17,1.38498566943e+17,1.1574389062e+16,-27.3801339106,-32.0573129133,-27.7236687644
2e+30,2.86149300188e+16,1.5378810031e+16,-2.06506815538e+15,-358.096181515,393.384424428,130.132825042
2e+30,9.93772884101e+16,-4.57727789527e+16,4.19240465266e+16,51.0525848188,102.385403411,10.5502802024
2e+30,2.77503142013e+16,-3.4682807054e+16,-4.16160873264e+16,26.0230778682,-49.6227261034,-15.5168639361
2e+30,1.04122790207e+16,-6.67654375842e+15,8.85082731138e+15,459.231943816,-298.096734658,449.50683835
2e+30,7.68341323719e+15,1.61620239184e+16,3.14583685031e+16,-200.286189749,-371.182000126,208.199356891
2e+30,4.79302951377e+15,-5.24601554069e+16,3.70776438619e+16,85.9934139146,361.046805681,-20.6008798606
2e+30,-1.1827120414e+17,-1.21392417868e+17,1.03244975001e+17,11.0628638234,16.9073403888,22.3152899329
2e+30,-5.88450777439e+16,3.32540562973e+16,1.17553163163e+17,41.5278079599,-15.4537233617,-27.4897805008
2e+30,-5.70187805153e+15,1.04428982846e+16,1.12486841952e+16,153.355096735,-749.797704937,-238.334699411
2e+30,-3.31497347563e+17,-1.55942499091e+17,-4.48899966387e+17,-4.0561284243,-3.10339289253,0.118972987274
2e+30,5.01830178885e+16,-4.97570241161e+16,-5.04219697646e+16,-180.325320067,-152.787021577,30.4872650474
2e+30,5.13483449982e+16,9.55742178727e+15,4.66293812629e+15,64.4285067333,-127.039566159,-305.331244219
2e+30,3.63353205159e+16,-3.95824972159e+15,-5.79884511609e+16,215.421210161,131.244244772,-164.61532273
2e+30,-3.56635729919e+16,-1.98521986162e+15,-3.05164739376e+16,-120.534027931,-371.867650838,79.1421446665
2e+30,7.07944381148e+16,3.92036029774e+16,6.84417216812e+15,105.514229906,131.605718082,-78.6410049944
2e+30,-1.09606580128e+17,-4.78852069579e+16,-6.95865684377e+16,23.9305775462,33.8465582048,-10.8465368931
2e+30,1.33415900242e+17,1.26074077822e+17,2.15395441212e+17,9.14438456604,12.8980735517,36.9231991122
2e+30,-5.554631801e+16,9.08163995101e+15,9.57180579103e+16,91.0750128553,82.0727404694,50.5765653896
2e+30,4.03528525103e+16,2.20227604807e+16,-4.38147446474e+16,-214.660063527,220.649416454,38.4086862989
2e+30,2.96778652867e+15,-2.99970650448e+16,-5.43337059293e+15,67.9224589555,43.6642556067,-141.720657262
2e+30,1.35118907771e+17,8.55494275584e+16,2.89422379602e+16,4.95349106071,-57.1397895387,15.1391316009
2e+30,-2.13218809141e+16,4.34163810578e+16,2.11830668031e+16,163.790051992,-17.0914567308,-80.9801728612
2e+30,-4.30305857246e+16,6.12111932569e+16,1.42811476552e+17,-74.4358578821,-25.0565937482,-81.6045595694
2e+30,-1.0254459357e+16,-4.94768848015e+16,9.06827388315e+16,-65.7968545222,-72.8814034608,37.5381504785
2e+30,-4.67040469207e+16,-6.74462425289e+15,-8.82175630083e+16,-66.716875886,54.2865860776,-100.434154136
2e+30,2.45049253031e+16,8.84337113829e+15,-7.89204543936e+15,-47.1301941336,208.373267616,-201.502086486
2e+30,-2.70738588089e+16,-3.82641593427e+14,-2.40639824256e+16,195.880401899,-139.721758348,411.268128408
2e+30,-1.08782062914e+15,-6.73301908608e+15,1.57955939404e+16,-248.791990223,-243.084328518,336.92307444
2e+30,-8.49702785269e+15,-7.92820377785e+15,5.30625980187e+16,-156.284049654,-190.973045908,20.0764011611
2e+30,-1.659403294e+17,-3.73482410973e+16,-1.32609565593e+17,-33.8160928465,-34.4248948007,-2.24000777018
2e+30,-4.75599206244e+16,-5.84724381695e+15,2.13038935937e+15,219.348026828,206.743754896,-5.84196059717
2e+30,6.59452719299e+16,-2.40330682599e+16,7.59220641289e+15,82.3616729813,184.777891791,40.9761393788
2e+30,3.77762312883e+16,5.59940254366e+16,-3.94245053843e+16,115.579219279,-87.6441089567,104.055397374
2e+30,-2.3665956206e+16,4.45334587835e+15,-1.27836070873e+16,-420.1282248,136.301968977,142.323116676
2e+30,-1.11137058196e+18,-4.08418654202e+17,-6.01143167811e+17,-3.26109251177,-3.7263931376,1.60740355651
2e+30,2.40898544198e+16,-2.42483011428e+16,-5.39262463346e+16,147.984166144,-300.079096716,184.384328176
2e+30,4.68752272605e+16,2.82206046581e+16,3.92846852252e+16,191.593523162,335.20765034,36.5608767617
2e+30,1.46852609466e+17,-7.02632151701e+16,1.14914136258e+17,-45.3942503866,22.1783171032,33.9456902612
2e+30,2.43738767736e+16,-5.17355243748e+16,5.06345363405e+15,307.40538204,-377.859428941,351.948086967
2e+30,-9.68889483245e+15,3.77729935342e+14,5.23380290779e+15,23.766191575,544.408622553,430.764115239
2e+30,-6.58635467662e+16,-5.76667879864e+16,4.75790252401e+16,158.774150749,53.3283477392,-14.5529925384
2e+30,-3.37517517267e+16,-4.21454157623e+16,2.89306583104e+16,-66.3424413677,-183.089295615,153.229624151
2e+30,-1.47042506767e+15,1.95929108582e+16,1.05638236641e+16,336.563345975,-21.5302927098,-317.110576728
2e+30,-5.77551637055e+14,-6.73423660103e+14,-4.55305897009e+15,182.178026578,-231.290602662,-204.096836005
2e+30,-2.55735408297e+16,3.61876647015e+16,-6.89277338762e+16,185.936392057,-131.674488781,-205.27491356
2e+30,1.65698356683e+16,9.44228033845e+15,1.39604290973e+16,83.2167011402,603.716797795,-199.44143405
2e+30,9.4256274986e+16,8.01581304175e+16,-1.59879886169e+17,16.9924672024,5.89220531704,-56.1368750279
2e+30,-3.87511729103e+16,-7.38580276928e+16,3.93125111467e+14,29.6927239515,-106.738971472,-203.972797791
2e+30,5.71378779825e+16,-1.37986470375e+16,-1.35523563096e+16,293.873838741,115.763453665,46.0478079289
2e+30,-2.78569320115e+16,4.82687752393e+16,-2.54585525948e+16,88.9618744486,79.7169093971,246.026375053
2e+30,7.7975738455e+16,5.94607387635e+16,5.9544532857e+16,36.4503182099,128.181920076,-45.4541049407
2e+30,-2.99508750862e+16,-8.93491494166e+15,-1.61177597709e+16,-346.432921249,119.919461794,319.613038798
2e+30,-5.40971087024e+16,8.17354889161e+16,-7.68578531171e+14,115.450050457,-30.4642162671,20.224499789
2e+30,-7.07732566303e+15,9.51636701979e+16,8.00083421869e+16,55.1995853355,17.8255255872,89.1413886399
2e+30,3.51969215069e+16,-5.05818487431e+16,3.54326100455e+16,-57.2099010951,-373.805509495,-88.5899850604
2e+30,-1.59761454279e+15,8.80855671789e+15,1.62320920175e+16,279.624013251,-357.018151072,23.6959731458
2e+30,2.53536244691e+16,-2.33982177469e+16,-2.38182137694e+16,-324.153678466,-27.6439461054,184.739927617
2e+30,4.9922655628e+16,3.21170689469e+16,1.13110253971e+16,300.103904303,76.13173238,154.115389118
2e+30,-5.25757496501e+16,-1.50999911076e+17,5.95776273031e+16,19.9643175503,-36.5636720369,-56.8744544886
2e+30,2.88597987564e+15,-2.57218226735e+16,1.8107407888e+16,294.07210579,501.38063582,-396.09855793
2e+30,-2.96939751541e+17,6.93841101319e+17,-7.45081048284e+17,-4.48880309881,-1.59113781711,1.85986990789
2e+30,1.81486814142e+17,2.32398239849e+17,-1.85582116864e+17,-17.4595442158,-7.35436166507,28.7641914736
2e+30,-7.22511337316e+15,1.71406366183e+16,-1.1788952286e+16,-55.3604725262,299.52919328,-288.025910364
2e+30,-5.7640891594e+15,6.65682693466e+16,6.88185974047e+16,-148.973325072,11.290750487,47.4725798679
2e+30,6.80471909464e+16,-6.07774579018e+16,1.09088130694e+17,-24.6221482281,6.06372971942,94.8325322734
2e+30,-2.87133692628e+16,3.9659188418e+14,1.97844746806e+17,-18.6923885816,0.932283457812,-45.1119114223
2e+30,3.76300665268e+16,1.08549293258e+16,6.35452321564e+15,-554.943162696,-73.9833999455,-106.457759845
2e+30,7.73538029267e+15,1.98654891716e+16,2.66295082915e+16,-306.673665857,78.6500173687,-641.768617603
2e+30,-8.26932761715e+16,-4.78926499994e+16,-6.85878087728e+16,113.288251934,-59.5589860591,22.1042442988
2e+30,-9.07034509264e+15,-8.1760040231e+15,-7.17460287444e+16,53.0189467899,-215.594108778,157.349959742
2e+30,-2.09039886756e+17,1.01848354066e+17,-4.99365051706e+16,0.258562784667,-2.61621185723,-32.2773347739
2e+30,-1.14962559959e+16,-1.2220480989e+15,-1.50915449639e+16,18.0267070843,-353.481198526,183.420580079
2e+30,-6.02951031393e+16,-2.20618332777e+16,-7.97277732688e+15,-95.6501587728,47.7906515132,34.0007883458
2e+30,-2.0171655639e+16,1.25249606896e+16,-3.68001941215e+16,76.9556596867,387.827625142,-68.4663870087
2e+30,7.33604609064e+16,-9.97914279036e+16,9.32737806201e+16,18.0581367878,75.4076277146,-12.3511917497
2e+30,-1.01516050702e+15,-1.74977376451e+16,-5.44111329823e+16,-351.771649763,262.347855656,171.733829361
2e+30,-2.121395301e+16,1.25202337009e+16,-7.97914334399e+16,142.267924085,-15.1639860317,78.4192868393
2e+30,1.63767438316e+16,-1.15425083486e+16,-2.83700594974e+16,-212.578995829,7.28003831162,-520.709866996
2e+30,-1.19620704168e+17,-1.87158942483e+17,8.08879780818e+16,26.8853195953,5.74440976024,-23.7336579772
2e+30,4.14748517558e+17,-5.25850909224e+17,-2.51607402329e+17,-3.75742722223,-2.16020193662,5.39161477239
2e+30,-1.2030122412e+16,-6.41068551695e+15,8.94367901805e+15,357.11065161,237.065249996,-689.243217703
2e+30,9.68138875216e+16,-2.16230390595e+15,-6.76361709342e+16,-131.159536783,-64.0832196652,0.754026145826
2e+30,-4.98039624703e+16,4.00344436837e+15,6.99559219652e+16,-46.0429682933,-175.63317154,134.998926057
2e+30,2.37081538169e+16,2.04763322164e+15,-7.97657628434e+15,-265.418130457,-727.123260797,-19.5379622254
2e+30,-2.28381100282e+17,-2.43123084221e+17,9.2375161119e+16,-8.92257515726,-2.26197575554,-13.0481719584
2e+30,1.56379785854e+17,2.18635357598e+17,5.84317562056e+16,25.0072021452,-5.99526221217,1.70094138252
2e+30,5.60461676324e+16,-6.26488650135e+16,-1.05209123049e+17,-93.7248260861,-45.5224678758,34.093475016
2e+30,-7.82481836384e+15,-1.29880359758e+14,4.19659365197e+16,-359.92137019,398.732618327,-185.447998702
2e+30,-4.39902339834e+15,4.58686146355e+16,3.6273845942e+16,-351.53314226,-35.3698114223,-236.887085489
2e+30,2.70684649762e+16,4.71441378523e+16,-3.49739587967e+16,356.439639049,-40.0653188905,121.268585814
2e+30,-7.42179384204e+16,-1.15416321495e+16,1.12141560444e+17,-12.0640906105,-58.3602294356,81.0814993888
2e+30,-1.90986507879e+15,8.88574498849e+16,-6.7179301309e+16,-169.139597257,9.49876673912,-11.8146350502
2e+30,1.72396736276e+16,7.59909776174e+14,-4.86093092404e+15,14.9891557659,286.230389425,-69.6567590386
2e+30,4.63394063482e+16,2.48147631185e+16,-1.55099106194e+16,152.639325227,384.652855708,-6.39097301291
2e+30,-9.94721709108e+16,-2.10183323946e+15,6.59875499117e+16,28.9235920675,-16.6887008328,-57.8700736824
2e+30,-2.00397143274e+16,-4.09841021618e+16,-4.2336612776e+16,-18.9966137114,181.478995778,0.750941468692
2e+30,4.61335500024e+16,-5.2366056707e+16,8.62978160202e+16,111.918245991,-60.2899513095,125.949529959
2e+30,-9.20378257658e+16,-4.63322942632e+16,-4.79937190923e+16,-42.7237928051,-48.8702821541,94.7471920777
2e+30,-6.03198190106e+17,-1.82187018003e+16,-1.70743883967e+17,-2.16810085,-8.69870485948,1.00028161197
2e+30,-4.69286479484e+17,-1.62706390821e+17,-1.68711742023e+17,-2.84707554917,-0.173460455219,5.07341724721
2e+30,3.1199167249e+16,5.1298790399e+16,5.03855481744e+15,-41.9336468368,37.115997796,-288.64460198
2e+30,2.44102266845e+16,9.15074316457e+16,-6.27409992266e+16,16.0554080449,-65.8286929833,-81.5442105758
2e+30,2.2066609536e+16,3.16883214707e+16,4.0703953764e+16,-199.184052884,-238.254256852,-410.068760665
2e+30,6.18949853019e+16,1.640827958e+16,-4.81063237529e+16,312.592348809,-99.600878653,157.738972706
2e+30,-4.05603404082e+16,5.78506748996e+16,2.3280563428e+16,-363.017133902,30.0195793315,177.563994281
2e+30,-2.08848010227e+16,-6.48190534912e+16,4.90685120429e+16,86.2405106889,44.3038636339,-11.9235973443
2e+30,-8.6890555508e+16,-1.01815522406e+17,2.51438111505e+16,-4.88098725271,46.0367757392,-68.80040446
2e+30,-4.76718103786e+15,5.07871708264e+16,3.32137318873e+16,-53.7381864026,65.6405507942,-110.463284941
2e+30,-2.19293379656e+16,1.14288750868e+17,3.51404543974e+16,-80.9156499425,48.7645322627,9.70990097175
2e+30,1.87266452634e+16,-1.78271744163e+16,9.38811360688e+15,195.662321023,241.63936202,-150.41905607
2e+30,3.31370321693e+16,1.61124675678e+16,2.09303827783e+16,144.838581261,261.591200617,-309.7044454
2e+30,5.56772797763e+16,5.70034108864e+16,4.8790176597e+15,84.8231571055,-92.8362249164,-0.655449757851
2e+30,-2.33848793034e+16,-1.89563852513e+12,-4.33505859341e+15,-11.5088232011,-457.707561185,-354.390124585
2e+30,5.98763013681e+15,-9.24383802145e+15,3.1126808524e+16,219.991757165,236.347394744,-108.734567849
2e+30,1.71869804765e+17,-8.91095075682e+16,7.08290650942e+16,22.103651914,11.7333352432,36.5547239892
2e+30,7.7192734817e+16,-1.10842820974e+16,1.28604026405e+16,94.7164194536,120.909857192,141.216402683
2e+30,2.456586867e+16,2.35364710129e+16,5.14131475173e+16,395.743744716,-75.5287541944,-45.3492633136
2e+30,-4.3807037743e+15,4.85033793954e+16,8.21050373823e+15,-51.9608500489,219.792339226,-112.758905552
2e+30,1.40101800079e+17,-1.29720102309e+17,2.01045281361e+17,-27.3698537154,-25.586332797,-7.2077710006
1e+30,-3.45687119263e+16,-1.79019047016e+17,-1.0366763971e+16,-39.2255514603,-0.478856849259,64.1363647666
1e+30,-9.14463134397e+15,8.9960188306e+15,5.53913575985e+16,205.026378386,-169.290480085,-91.8667920385
1e+30,-4.62036974325e+15,7.43080677191e+16,2.2293877758e+17,7.89604746207,-4.85372369556,-18.224227037
1e+30,-3.92197854563e+16,1.11916132758e+16,-1.55872855971e+16,267.37868805,320.789619329,156.324152077
1e+30,5.78051485454e+16,3.30204501444e+15,-4.59953673486e+16,-138.84454722,-4.28865428245,179.347561962
1e+30,-4.40478608007e+16,-2.35628464254e+16,1.08322410528e+16,15.8029146528,167.011127016,360.771630856
1e+30,8.45105494074e+16,5.16277660555e+16,3.08874562299e+16,-98.247854876,98.0274945877,5.55322475357
1e+30,1.4012065963e+16,2.76339696133e+16,5.64884754268e+16,-67.9826434522,-63.8241553064,-160.512001966
1e+30,-8.88151095193e+14,-2.4133909134e+16,9.27712713474e+16,-33.7430676685,261.696906365,79.825325465
1e+30,-1.39006238399e+16,9.44363026455e+16,-8.03475307298e+16,-27.0418342315,-52.6920396578,18.7488348649
1e+30,1.1668285301e+17,7.87416120258e+15,2.38818403685e+16,-64.4493432959,70.1126230236,-21.9710016286
1e+30,4.41662896819e+16,1.6459207562e+15,9.10463148354e+15,500.236132874,-61.4331504796,157.944871085
1e+30,-3.48277737141e+15,-2.62970098317e+16,6.72079105882e+15,-252.076393645,-7.56077025722,433.818258915
1e+30,1.85968563643e+17,9.84782646149e+17,-8.2710704306e+16,-3.02718871593,-4.58541324269,3.21342663022
1e+30,-5.05773956961e+16,-3.63036883772e+16,3.35711774389e+15,-111.181607949,-228.418381391,128.201733063
1e+30,-6.53474145365e+16,-1.36043483745e+17,9.34279867246e+16,47.5387363342,-2.41552624496,23.0873111325
1e+30,8.77105101089e+16,-1.51703232833e+17,9.02035507734e+16,-2.16715747958,37.6582211298,11.8293864485
1e+30,-5.0155334143e+17,2.69832537429e+17,-5.73687461225e+17,-7.13663117954,-3.06193429713,1.27885118592
1e+30,5.18363831944e+16,1.87551280943e+16,-1.27651671165e+17,11.9692879875,15.4942425007,-57.6084534618
1e+30,6.95906471994e+16,2.44179633452e+16,4.78258468294e+16,37.1775748033,45.0539021727,158.346639308
1e+30,-6.42790536223e+15,-3.1469761479e+16,5.00398079961e+16,-80.8448959348,108.485583482,310.257456505
1e+30,-6.35433733563e+16,-1.48870935662e+15,-3.9169617252e+15,-57.4773912813,-170.373562946,139.686364766
1e+30,4.49877260229e+15,2.92163579634e+16,8.01211492367e+16,-119.272844203,28.632513139,81.6657910651
1e+30,2.91647158958e+16,-2.77531220391e+16,-2.13015562433e+16,-173.026395488,414.644104662,-23.3885435443
1e+30,-2.29571710613e+15,-4.29242226547e+16,-7.90059315761e+16,-42.3091455125,-58.3765903656,30.5816725114
1e+30,-5.37667805961e+16,1.85811097922e+16,-9.06513754925e+16,-97.1366407999,-141.808125081,180.683897693
1e+30,4.11190094818e+16,-1.92301967663e+17,3.00025490783e+16,-37.2555879299,8.91081346791,70.9109790992
1e+30,1.09236613659e+17,2.60467709753e+16,1.34084041048e+16,-20.9103476432,124.639850908,-105.640110863
1e+30,1.37438968919e+17,-3.69071750507e+16,-7.80567992006e+16,48.0278646626,22.6277219251,49.9193425779
1e+30,-3.46944626427e+16,5.02253583501e+15,1.77502744321e+16,-93.788263579,-113.341413381,141.488545619
1e+30,4.83603039221e+16,2.25391751009e+16,-2.05009683867e+16,153.414413888,-58.1487697194,348.009627034
1e+30,1.15739027932e+17,-9.79341300975e+16,6.25297388208e+16,-19.2778947158,92.7542132864,-76.9540605699
1e+30,7.66355362736e+16,-1.9889480135e+15,4.75870084413e+16,-8.49226742186,-361.256865925,-114.409486663
1e+30,-1.15236425901e+16,-7.35629428621e+16,8.69455885901e+16,206.185503422,22.8879926287,8.46202316602
1e+30,-2.83577009752e+16,7.60879754792e+16,3.67709913239e+16,-15.8790010149,-124.678794052,115.260285133
1e+30,6.5550542225e+16,-5.00318854329e+16,3.3309890021e+16,-222.730306632,-61.385426749,-81.9539421476
1e+30,1.30794233739e+16,-2.43033317668e+16,2.42666927261e+16,445.199257556,-625.102308916,12.2362252084
1e+30,-3.48602184517e+16,-1.0540410558e+16,1.168613104e+17,-97.1724790319,5.93180756995,-33.7593955353
1e+30,-4.50800001105e+16,2.69336401716e+15,1.02384540201e+16,-105.887468648,269.805583324,147.569460587
1e+30,-7.44948842588e+16,-7.97626968783e+16,-3.52756914889e+16,73.2816304613,-69.6091759067,9.68857821738
1e+30,-2.11215238377e+16,4.06385296469e+16,2.81404028115e+15,-220.500606636,-51.6701379909,-118.611857868
1e+30,1.12542833728e+16,-8.25981633959e+15,-8.29302856322e+15,43.7029740612,194.216057643,103.411656593
1e+30,1.79921133827e+15,5.75592302017e+16,2.10534895709e+16,-0.400451355825,51.585737722,157.634162201
1e+30,-2.12953604039e+16,-3.58392839552e+16,3.47224726009e+16,-340.825261016,107.117766739,-162.280915782
1e+30,-2.99696534993e+16,-7.34230177647e+15,-7.37579566306e+15,274.365989494,218.419130312,-537.867205975
1e+30,-2.15234442888e+16,-4.19774148622e+16,3.72786925726e+16,-17.2512203082,-535.829535062,-23.2564258051
1e+30,1.33349923691e+16,2.78122633403e+16,4.33223601003e+16,222.998897716,118.856190569,16.8652051117
1e+30,-3.76801242628e+16,5.91912263067e+16,5.58770090258e+16,28.3359098565,-128.488009612,-20.2654103328
1e+30,2.6256788092e+16,-2.68053820737e+15,-1.0406078333e+17,77.332457449,-17.8138559714,-118.45430483
1e+30,5.56132788649e+16,-3.30044811565e+16,1.18376814668e+16,-48.6116061579,-112.370056648,37.7048563865
1e+30,4.09328762064e+16,-5.49040632042e+16,1.00664625105e+17,68.839719601,-78.9214048281,-65.7686347896
1e+30,-5.35208620699e+15,2.66046061583e+17,2.15739699052e+16,-29.2850972336,23.7394301199,3.08524183056
1e+30,1.05077066754e+16,8.59716979023e+16,-1.45828295264e+16,-198.092339639,-48.0557609341,20.120320995
1e+30,-3.05058700247e+17,2.25549875124e+17,-2.99855849805e+17,-7.93614596615,-0.905958199909,-6.93791911068
1e+30,3.28461717011e+17,-8.19309292694e+16,-3.4177358851e+16,-3.54837729659,-34.1145024999,-11.9103235198
1e+30,-4.09939213743e+17,4.52609756041e+17,6.93112190542e+16,-8.09124285009,0.726403765326,1.22946728547
1e+30,5.09822016266e+16,9.53730526083e+16,9.76314088574e+16,75.2834754829,61.7536704629,57.5101059113
1e+30,7.29545894499e+15,3.10262389793e+16,-8.31828032318e+16,159.753566571,-89.3937761905,-23.6264991686
1e+30,-1.62615719186e+15,8.21977248983e+16,-3.45520902473e+15,-179.530185605,-149.243363632,-106.662299816
1e+30,-8.04541222221e+16,1.56387694474e+17,9.09459350227e+16,25.8898253742,29.6993005633,3.55869180804
1e+30,1.58400968582e+17,-1.8855276313e+17,1.00197154987e+17,28.2035413756,33.0461636378,0.77382935463
1e+30,2.50260103818e+16,4.04276993797e+16,-8.54347244389e+15,-3.32069617586,321.803536327,377.614404465
1e+30,2.94690039318e+16,2.47070164053e+16,1.35182432152e+17,82.5425901386,-0.00740201762163,47.5244949633
1e+30,1.1372745212e+17,2.21168578674e+16,-3.31805630946e+16,19.7593358376,-59.2737089894,0.959292156031
1e+30,-2.31903011848e+16,-8.17570231902e+14,3.1311405963e+16,-69.4989572358,415.58270309,-60.4857571468
1e+30,3.87052721851e+15,-2.17777375144e+16,2.48280856897e+16,-96.4022567804,-241.133612157,85.2690849324
1e+30,-2.96176547197e+16,-8.74412433598e+16,-6.82406672362e+16,72.8618073256,-85.4338100564,52.7219043671
1e+30,-1.04625118683e+16,-9.9006872088e+14,-9.31453978245e+15,-115.988211655,202.116830963,-28.6986850895
1e+30,-3.90153815178e+15,-2.66479659307e+16,-1.29884664365e+16,-301.642021954,408.976854841,32.6226787313
1e+30,7.36968461957e+16,2.27412805983e+15,1.50767033073e+17,65.7583480538,-6.4194101686,-58.9537067892
1e+30,6.81749739633e+16,1.11947644557e+16,1.22593681321e+17,157.889881031,-5.40037089156,-62.2912023615
1e+30,2.96726031978e+16,-5.64631788135e+16,2.898520868e+14,-91.5810709234,-17.4600392435,-298.498798552
1e+30,7.23962718042e+15,-1.27263634086e+17,3.63807554413e+16,-36.4614748463,-21.0730428645,14.9685673912
1e+30,1.97604179864e+16,7.40472015925e+15,-1.66346335084e+16,248.841909936,-500.366360693,58.7827524417
1e+30,8.27365624678e+16,1.13975372837e+17,1.31558118598e+17,-6.15989815408,2.32423045731,-2.44842474845
1e+30,4.88426531198e+16,-7.83393459141e+16,4.53392878109e+17,-17.3622465204,-12.0806902313,0.899618989792
1e+30,-9.47037708959e+15,5.5383978663e+16,-1.35825794233e+17,-3.64716579614,21.3831025398,75.2574743959
1e+30,3.09338146301e+16,-5.02670477474e+16,2.52668600842e+16,310.649143177,-131.394271258,76.824475568
1e+30,7.78477620259e+15,-6.14803946025e+16,-3.20231267967e+16,-373.999490362,31.8866176799,22.997829678
1e+30,3.58450010617e+16,9.5419675997e+16,4.03635954898e+16,84.5005062494,8.98433137415,39.3771082151
1e+30,4.13054429453e+16,-2.71388271664e+16,1.39005877591e+16,-58.0670202592,261.452021825,-337.02126331
1e+30,1.11766057333e+16,3.52326921807e+15,-5.67016831773e+15,-69.3703066896,-78.5638355841,-532.195958338
1e+30,-2.1300771629e+16,1.22889387961e+16,1.83376633275e+15,-367.214307407,-219.736156634,159.859596956
1e+30,4.9626716342e+16,-9.92882565064e+15,3.20131061218e+16,-319.250810493,134.558251431,25.6449106611
1e+30,1.2801452644e+17,1.12679029343e+17,6.492105775e+15,-22.9671349028,18.9370076486,36.639894876
1e+30,9.02378361239e+16,1.81194146762e+16,5.19619746389e+16,48.9602530519,-87.7990842768,144.834184889
1e+30,1.39825865502e+16,2.43177634662e+16,2.79099776288e+16,-106.87121142,-22.6005542774,-448.564247777
1e+30,-4.39263858024e+16,-1.00687330562e+16,-5.3086265925e+16,313.81056815,120.914029272,-58.7370819031
1e+30,5.06776910671e+15,1.53736051327e+16,3.48603255186e+16,263.372176359,249.892162313,3.65081263862
1e+30,4.4638013329e+16,2.10485762484e+16,-8.27440853535e+15,-196.779892391,-126.577359533,-44.2789299508
1e+30,4.77841180883e+16,5.63139575883e+16,-2.62437699401e+16,63.6935281732,13.8017893673,15.1090912873
1e+30,-3.17770822242e+15,1.78179257562e+16,3.96706653389e+16,558.50957976,397.956798145,134.592238514
1e+30,6.7816641055e+16,-1.53505973664e+16,1.28366238303e+17,21.9535854715,-38.3088611488,-24.7675837142
1e+30,1.13859491587e+17,1.71660443361e+17,-1.42604726139e+17,-9.65072427704,-21.8266273066,6.98757571977
1e+30,1.87639128541e+16,-2.5534098378e+16,4.37684556719e+16,-45.5833761822,284.627713766,376.295219947
1e+30,4.48387499686e+16,4.24358088906e+16,4.21588585657e+16,-328.376897676,5.63830594628,-302.68728835
1e+30,3.93736756781e+16,-1.3161174091e+16,-2.60280193869e+16,-178.433993758,-32.1639504913,72.7825055538
1e+30,-1.03365926044e+17,3.34900373721e+16,3.04145883032e+16,129.80473656,52.4137131097,34.1177234049
1e+30,3.03004493532e+16,4.74316487017e+15,-3.51730944238e+16,91.3472067222,203.354052896,300.749012114
1e+30,2.69166555363e+16,-3.70090642624e+16,4.9491291815e+16,-88.5140702234,361.005307006,300.011251852
1e+30,-6.42937678702e+16,9.91728053475e+15,2.75574614421e+16,40.9117878648,-52.1516892843,-75.8017884372
1e+30,3.47156347456e+16,-1.4084968725e+17,1.28059597279e+17,-48.0517739331,-11.2840857131,-18.9918358367
1e+30,-1.7490827915e+16,4.68972150479e+16,-9.71973535816e+16,19.7958646569,43.5743770044,-67.2178288639
1e+30,2.2088024152e+16,-1.81264068787e+16,3.64398013287e+16,186.146160547,-46.8893161482,7.48468973201
1e+30,6.00394378078e+16,1.69178131236e+16,1.80592626511e+16,-244.622356285,-43.2750602049,97.637393921
1e+30,2.56180839551e+16,3.76002099388e+16,-1.08799466997e+16,-294.088759938,-217.546826964,120.693080938
1e+30,-8.67043123394e+16,-5.6879933108e+16,1.03421328337e+17,-27.2836432626,-36.49180545,53.9442180604
1e+30,3.95062994858e+17,1.62505777664e+17,-3.22013953625e+17,-0.568796952317,-0.821940365186,-4.96501300001
1e+30,7.86571943747e+15,5.39993337499e+15,9.26118722683e+15,-130.520926897,19.3137764633,-143.238701335
1e+30,5.52649960902e+15,2.83901743316e+16,-1.74570253461e+16,-482.573389966,-227.115153911,21.7630747143
1e+30,-6.01331456762e+16,-2.96076113127e+16,2.08738109142e+17,-1.46644050662,-3.26554533798,-4.37285952926
1e+30,-2.20515437073e+16,-1.49991677667e+16,6.37148418758e+16,-2.75318165299,78.4362833476,251.181087161
1e+30,5.7509497236e+16,1.08128967612e+17,-2.08084087864e+16,128.291663994,98.2692115727,-42.0864023634
1e+30,5.64045873555e+16,-2.21293980195e+16,5.24224417341e+16,-66.6352608628,-166.143403194,157.227434284
1e+30,-5.30553492414e+16,4.46642330095e+16,-2.3393005923e+17,14.7727802536,-20.071761184,35.3119811733
1e+30,-2.13754471271e+16,-6.09480636659e+16,-1.87125229899e+15,141.017897183,223.345793759,-200.451660894
1e+30,-3.36921035649e+16,-1.64927363281e+16,-5.69109014942e+16,-220.962577191,-125.347486477,-48.196607774
1e+30,1.16116825466e+17,-1.04127005119e+16,5.19274635639e+16,-65.8478211509,16.1393035025,-142.511305977
1e+30,6.12155302872e+16,2.09533531749e+17,-1.4262821184e+17,5.27192750897,30.0383186417,-7.45292718889
1e+30,8.39399977961e+15,-1.24712062172e+15,7.02724681386e+16,419.184148242,13.1928687216,-108.912180566
1e+30,1.79580217527e+16,1.74772486084e+16,3.32218938591e+16,-360.409717842,-128.231555772,-185.957889676
1e+30,-4.64750290256e+16,-3.05907944374e+16,-3.07503031797e+16,-127.199671526,-238.868342012,-245.612852911
1e+30,-2.3818071819e+16,-2.31129174971e+16,1.17147777412e+16,-246.044076204,-475.438782188,-400.017018361
1e+30,1.14208379405e+16,3.16559978379e+16,1.22803891886e+17,-64.4512397872,49.3640009106,149.00571193
1e+30,-3.31175559586e+16,1.24801088458e+16,-4.27285579281e+16,344.590454293,110.984396358,136.504549432
1e+30,-4.26871683445e+16,-2.89233673621e+16,2.2793387597e+16,-326.204773599,-273.468008932,298.076717289
1e+30,4.13296250298e+16,-8.33282338696e+16,-1.34864007873e+17,25.1075284009,27.6408932633,-26.1641391228
1e+30,4.59635567258e+15,-2.44439880312e+14,-1.34461166497e+17,19.9028527528,16.3401911972,66.6894034257
1e+30,1.40539167208e+17,-1.17195416281e+17,6.11336540292e+17,-6.23089875585,-5.46031210722,3.24470759056
1e+30,-5.64497128327e+16,1.30803798543e+16,7.44225244139e+15,-197.210905859,187.42770601,-183.225222573
1e+30,-6.15613593287e+16,-9.29677227578e+16,-8.42156568837e+16,80.083758854,45.1924881303,-16.7260291234
1e+30,-7.74337908264e+16,-6.96747169272e+16,-3.08162033323e+16,-43.4544163354,59.7763974122,-98.6981789032
1e+30,2.46328391704e+16,6.7601268649e+16,5.74797716368e+14,-39.4839015328,204.781180924,76.741542448
1e+30,-8.54487909497e+16,-1.13571617571e+17,1.67151441983e+17,-18.3558642942,63.4865299153,-6.79814444821
1e+30,9.92199705398e+16,4.60847257827e+15,7.24527721993e+16,-42.015234712,-30.462216283,88.8267524263
1e+30,1.01739392774e+17,-4.52114681805e+16,1.54062825993e+17,-13.4588427924,-12.0736065119,-7.78437849963
1e+30,-3.37721668989e+16,9.29163641117e+15,5.70699388075e+16,-41.4634419275,-245.319658663,159.458294243
1e+30,1.46901291005e+17,-1.9774644429e+15,1.97074538895e+16,47.4672923891,-101.227197744,9.83775866839
1e+30,-4.72176819756e+15,-5.7429617055e+16,-4.81104925059e+15,25.2836636383,-101.681900383,98.7244599992
1e+30,-1.90016887826e+16,1.05085591518e+16,-4.46623807479e+15,407.005260454,-472.781640627,-555.876575372
1e+30,-1.38962953331e+16,-3.20537642063e+16,7.64886081822e+14,270.865202284,61.6713588032,-271.405293484
1e+30,-2.14737407567e+17,4.01740463395e+16,-2.01399657942e+17,-5.36204289209,11.7347400465,-22.6222703028
1e+30,-6.87293074446e+16,5.02606634991e+16,-3.34928719231e+16,-62.7306534921,217.518866696,-23.3427824953
1e+30,6.59174785522e+14,-1.08786416805e+17,6.50394982059e+16,-0.900420595174,-52.6847506487,-65.9587958501
1e+30,6.41516065179e+15,-1.64941590407e+16,1.3329797225e+16,243.143664263,76.5917187197,475.977732377
1e+30,-2.35320110378e+16,8.87060062511e+16,-1.28126741612e+16,-33.7126620673,-113.86785754,10.5721182107
1e+30,1.7001321254e+16,1.06804599226e+16,1.99636993612e+16,176.847145287,-88.5713726047,-403.154850559
1e+30,3.64232842416e+16,-1.37278690526e+17,-7.21648901522e+16,-70.8715519573,-21.5512578385,-14.0182431133
1e+30,2.59515818275e+16,-1.14181386432e+16,-3.58808712315e+16,-97.3650601424,113.47941707,-253.847099308
1e+30,-1.75415889853e+16,2.75624608055e+16,-6.67228541331e+16,-8.86851075599,151.958142142,-225.528192014
1e+30,1.3729532971e+17,2.74834976796e+16,-2.3976240583e+16,-80.9966632823,32.1153432721,-72.4550774735
1e+30,-2.61685189823e+16,-8.8001118549e+16,-3.26825264701e+15,125.846358396,148.622737639,80.2138936666
1e+30,-4.54061502159e+16,1.66414188125e+15,-2.67715075591e+16,151.383280182,252.351273734,-273.727150674
1e+30,1.15993531112e+16,2.44040310485e+16,2.32690737428e+16,-126.330133046,-498.639937443,-426.453496273
1e+30,-5.1538195546e+16,5.71978938194e+16,5.04553327266e+16,60.9132635865,-130.207274764,-149.028164153
1e+30,5.11765339841e+15,-7.92396476965e+16,-5.85493728859e+16,27.7586679345,-60.4923116416,2.61996103554
1e+30,1.11289710652e+15,-7.76617011594e+15,1.35668804142e+17,72.6473592181,13.3302490807,-4.13775898441
1e+30,-2.07256846658e+16,1.06872857486e+16,2.89779732999e+16,-179.369120213,-370.376092929,101.830761047
1e+30,-2.98027644997e+15,6.37903807353e+16,-1.33175189141e+16,-35.368595716,334.616041526,-268.294179778
1e+30,-4.91283176195e+16,1.48747552452e+17,2.34091857301e+17,-13.3373264716,-12.6002377032,-30.1363621335
1e+30,-7.61878005442e+16,5.89411179166e+16,1.68014399579e+17,-16.5441229939,-3.81946130182,-9.13656041308
1e+30,8.12813239728e+16,-2.82701094109e+16,3.57813878363e+15,74.961531057,-117.127981854,210.037003038
1e+30,5.52577672849e+16,1.39048975478e+17,-9.71592580211e+16,42.8754588416,-22.2790252702,34.5064684006
1e+30,7.55156957606e+15,4.29710681685e+16,2.24397050577e+16,-42.9023738729,-450.305793364,5.34487297706
1e+30,2.9764960942e+15,1.42987468068e+16,8.96880469634e+15,-103.333183597,32.9199606341,5.05574340381
1e+30,7.17172852584e+16,-4.11768107313e+16,-3.18240535605e+16,-48.6284313007,89.8819590206,201.961425548
1e+30,-1.74075469428e+16,-8.49889199165e+16,1.68842513856e+16,-185.705712254,-164.288828404,238.611500266
1e+30,-1.29904972924e+17,-8.339055242e+15,-1.13978325424e+17,51.8593893837,22.3885321264,-20.4425581065
1e+30,9.30415562693e+14,2.47275485939e+16,-4.02464628874e+16,-46.3614194597,292.459038214,-240.539716475
1e+30,7.54270486057e+15,-3.79771679417e+15,-1.10630985952e+15,-316.4470061,482.625564072,-1.38194845787
1e+30,-9.79473342874e+16,2.48953459353e+16,6.72279233388e+16,-3.08676047217,-49.7353883536,95.2812443658
1e+30,-1.14564828696e+15,-1.7814837231e+16,-3.23305447414e+16,-399.865013367,-144.586402897,117.176453064
1e+30,5.96307677858e+16,-5.87805456423e+16,-4.75656659596e+16,-14.8826440076,-56.679755145,-70.6461905956
1e+30,-5.61062997494e+16,-4.45144383024e+16,2.19076588439e+16,-8.69380611482,-63.9940753028,-9.63844047109
1e+30,-5.54571875181e+16,7.59069438879e+16,7.46980224931e+16,-26.9844512023,111.886301463,79.5249197555
1e+30,4.42279202955e+16,-1.44573681342e+16,3.25312491903e+16,296.690938332,139.846077384,-187.050812954
1e+30,1.34638289275e+16,-4.66813279996e+16,-1.70626701446e+16,36.6960859744,208.605526453,-63.3015525315
1e+30,3.17883979225e+16,-2.89961296541e+16,1.08002340359e+16,-8.84275139134,-519.269939945,140.884989937
1e+30,1.40899369669e+16,7.78122837146e+16,-6.32372280988e+16,77.6116716807,53.2649139337,-104.237367535
1e+30,-1.33639925264e+17,-6.909284652e+16,3.74595008859e+16,21.5406173598,-44.5969809262,-80.4400890753
1e+30,3.30566787617e+16,3.93602412812e+16,2.84209193662e+16,278.402691358,250.798803632,116.228009967
1e+30,4.68486775852e+16,6.26690530235e+16,1.22637338891e+17,64.6845450159,-8.98581533231,7.13001618522
1e+30,-3.20674649741e+16,-8.91196568244e+14,-1.56333699967e+16,-173.864292165,454.385982878,-137.394872884
1e+30,-1.18074288278e+16,-1.23166156882e+17,-6.29802729839e+16,108.834991353,-67.0033247369,27.2926057799
1e+30,-1.84468103835e+16,-1.14085001418e+16,-3.25797428217e+16,-222.02649475,182.764985854,128.72321079
1e+30,2.68863252375e+16,-3.48939435748e+16,-2.53075416821e+15,-276.10664459,-243.783599121,3.94971879458
1e+30,-3.58713964823e+16,-4.7791045029e+16,5.16455292056e+16,305.025932955,89.6726515801,56.2084023098
1e+30,8.21924186842e+16,-4.47241941503e+15,-1.91646958903e+16,104.138886689,132.183736966,-208.262918401
1e+30,1.38354294558e+17,-8.4426064504e+15,1.08095591882e+17,18.8930315921,-58.5347871489,18.5776478318
1e+30,4.88064480791e+15,-2.18186020067e+16,-5.66071731496e+16,-103.025291575,189.201850116,189.725836792
1e+30,-8.18754045312e+16,-9.00132690097e+16,-2.77534265219e+16,15.5235461634,24.0463708458,122.353535615
1e+30,5.2730964755e+16,-5.72841402743e+16,5.18728809658e+16,9.13869791916,67.424988075,-51.5197882994
1e+30,-1.07824919161e+16,9.61821333651e+15,-3.10086165649e+16,103.393990324,281.588162507,96.5218175429
1e+30,1.47542335929e+16,8.93969440653e+13,-6.58255511981e+15,347.548269739,46.1087175796,297.520112163
1e+30,-3.20909537351e+16,-3.52041538895e+14,-2.98264771451e+16,-33.8237180769,265.479455438,-189.26868267
1e+30,-1.43702023422e+15,3.39681925854e+16,-1.96335571272e+15,206.864374125,-392.596923098,86.0263149971
1e+30,4.43333864263e+15,-6.19818901942e+15,-2.77512160587e+16,262.132435965,-380.946958522,528.428560304
1e+30,2.33468288509e+16,-3.37551605201e+16,-1.198730466e+17,-36.0695015298,-80.4417299976,-28.899104958
1e+30,2.24711881179e+16,1.29830503921e+17,-7.38556330186e+16,20.2277744408,42.9303692886,-7.13383360659
1e+30,2.02867300724e+16,-3.42854327002e+16,2.20878744707e+16,-70.7357335871,-169.432081427,227.40779218
1e+30,1.13533784352e+17,-3.24612348869e+16,-7.28927841178e+16,-83.9294228963,0.985631457405,105.800407444
1e+30,1.60679791116e+17,1.26258175875e+17,-6.28193677257e+16,-4.50234999196,-16.1805592144,-11.7004148742
1e+30,-6.45310706982e+16,2.74359908048e+16,-8.62824902095e+16,99.0024653974,-8.80772079885,-17.0032651623
1e+30,-1.25185041986e+17,-7.0991798424e+16,-6.38373485941e+16,19.5328938804,-19.1090223679,-55.7370400845
1e+30,3.78404539186e+16,2.30473737912e+16,3.75095855278e+16,226.685816555,384.451806217,-452.342967152
1e+30,5.3115473098e+16,6.00679576801e+16,2.42957563083e+16,58.2658821772,65.4248859576,-28.5769231423
1e+30,1.36865670473e+17,1.79925915873e+16,5.40111773041e+16,-15.6857949846,3.4602909792,23.6177908113
1e+30,2.61712593191e+16,-6.00529957059e+15,2.4480334195e+16,-654.916895578,86.3742843542,-499.329857114
1e+30,3.89356430687e+16,-1.83983076499e+14,5.34014427197e+15,449.898272049,-275.166268365,50.5714201662
1e+30,2.79544557628e+16,-5.85778172241e+15,4.04067554184e+16,116.724218333,201.724273944,-293.63970542
1e+30,1.83712382969e+17,-3.20966454804e+17,-7.64258496732e+17,-4.02855340033,-0.898757121853,-1.78085783788
1e+30,8.29651109545e+16,2.55333486902e+16,-5.05823649303e+15,-13.5095312442,-190.269054302,124.286243834
1e+30,2.78651225401e+16,4.20949562058e+16,-9.41667207549e+15,-525.576223631,-118.621228346,69.3736067098
1e+30,6.76782645475e+16,2.00486671316e+16,1.14377965273e+16,131.611497466,144.776735648,153.010555779
1e+30,-8.22632612502e+15,-7.38256185446e+14,6.17406902932e+15,-217.100199135,408.302512342,-87.2081629001
1e+30,-1.92036042645e+16,4.26075990056e+15,2.82705126693e+16,-165.126916796,-463.052580602,-577.702051557
1e+30,6.40648835263e+16,-1.25010830333e+16,2.28705650003e+16,-95.3913451563,-154.734961298,105.119469915
1e+30,-1.22376326445e+16,-3.02678874212e+16,-1.16680788934e+15,-23.302961066,52.6531516285,77.6442459839
1e+30,-2.14723230962e+16,-2.05936414086e+16,-1.49612000616e+16,-328.963210689,-259.483162041,201.577637567
1e+30,-1.68727588973e+16,-5.81016807566e+16,-2.7009345978e+16,-15.0731984664,108.09044093,81.0520509458
1e+30,2.00313392393e+16,2.08853644275e+16,-1.79355310149e+16,-151.475608606,21.2241603796,-521.886968595
1e+30,1.85206860611e+15,-8.44939228321e+15,-1.61188050676e+16,160.19792981,554.154826019,-111.898240993
1e+30,-6.16709850377e+15,-4.16134821406e+16,-6.91535507015e+16,144.317544368,-110.39586905,-149.91986563
1e+30,1.83604663867e+16,-9.2618925795e+16,-3.2280122014e+16,-46.684374346,-109.162345839,117.034975092
1e+30,7.16109821569e+16,-6.81449636191e+16,-3.51353812673e+16,-188.701207783,-76.6644441066,43.6360131906
1e+30,-1.30709752277e+16,5.66758049527e+16,9.35841251565e+16,38.6063007492,-89.3502069056,4.67059508307
1e+30,5.83241622568e+16,-1.02514514442e+16,2.9204311482e+16,-253.041901046,121.841123127,-5.25555702747
1e+30,3.0998200592e+16,-5.80662367097e+16,5.73834542872e+16,-76.8920183588,-92.2573268915,-61.7216019931
1e+30,1.1786515229e+17,-2.25888974677e+16,-9.54368035444e+15,-79.0907530682,102.105278611,97.4718424953
1e+30,-8.93507932241e+16,1.49775290914e+17,-2.6183676306e+17,16.5634240027,13.5897318416,6.32806845629
1e+30,8.31912936541e+15,-2.24826555046e+16,3.5154188533e+16,-271.490181157,-249.420561615,-275.738916196
1e+30,5.34643451213e+16,6.80964771411e+16,1.36697500928e+17,-6.00704619174,-67.156556153,-13.4989288135
1e+30,3.56182139834e+16,-1.62767438912e+16,2.88048099168e+16,-138.227623166,55.8785153457,411.244720036
1e+30,-1.12140279067e+16,-2.5554957254e+16,2.21491052784e+16,244.139305641,511.526790367,-133.244469547
1e+30,8.58798837623e+16,-2.2477243812e+16,6.70750979089e+15,34.3712999437,163.517042963,-135.180948665
1e+30,-3.22778864642e+17,-2.13413328943e+17,-5.43283341221e+17,-6.9715576943,-5.6932267631,4.55550490132
1e+30,4.24444895921e+16,-6.25450105219e+16,1.19161211579e+16,31.1559791091,17.9196113425,222.054146291
1e+30,-4.87338562263e+16,5.5025582715e+16,1.59471461122e+17,62.9052522178,-9.27273640933,29.2481370651
1e+30,-9.69227804696e+16,6.56493065052e+16,6.92470361138e+16,5.77826904752,49.2601742963,-153.939695102
1e+30,-8.81664980571e+16,2.29156086677e+16,1.06443322102e+17,-26.184985204,8.65678465884,-100.595745271
1e+30,1.28946597258e+16,-5.37982334493e+16,2.76665574747e+16,-90.7301404538,-2.29370839932,-44.6861399991
1e+30,6.92563679883e+16,-1.80207626646e+16,-1.36598045253e+15,-160.166935241,-128.120291042,275.043628324
1e+30,4.12598154125e+16,-2.42931367264e+16,2.04523441307e+16,52.694150455,204.51253259,6.35285537842
1e+30,2.38909633047e+17,-3.29494168494e+17,1.67264129522e+16,-20.5491526523,7.19004077479,-5.01806525643
1e+30,1.1468780993e+17,-4.24764212771e+16,-5.21682991388e+16,-137.465510271,-7.5728537341,-41.6058812279
1e+30,-5.40330312522e+16,1.67421200544e+17,-1.19343310497e+17,2.24555282455,-25.5764506555,40.7905177182
1e+30,-3.97760678496e+15,-8.52840504154e+16,-7.12283565555e+15,-135.439466544,1.97024968819,-71.4973495031
1e+30,4.73129508121e+16,7.06647920414e+16,6.80904128373e+16,69.190835234,-9.26863192697,-54.0398549496
1e+30,1.38374853785e+15,3.01889338372e+16,3.65312676002e+16,191.695658065,156.061316781,-97.7390925844
1e+30,-9.08146889649e+16,-1.29720165468e+17,8.43256957e+16,26.6463890224,-6.23849244263,30.5239346015
