4e+32,1.45707497872e+15,-1.68871900131e+15,8.80534756941e+14,95.9877862702,-48.4876377613,2.67362001521
9.35828877005e+29,1.57504766648e+15,-4.96271238283e+14,2.63504060217e+16,-346.959078435,434.577334664,660.248513145
9.35828877005e+29,1.58728579362e+16,-1.70622915665e+16,-1.15918784792e+17,-274.803033771,38.1234714435,153.917087442
9.35828877005e+29,9.2165775988e+16,-1.42092285705e+17,-5.40002721599e+15,-98.2721553178,72.8585325412,30.1271892541
9.35828877005e+29,-6.33701868395e+16,-1.8818734785e+17,-6.35049678619e+15,-117.355824561,36.2528119698,73.9890167839
9.35828877005e+29,-3.76788933758e+16,6.12881602612e+16,-1.64820436065e+15,-320.115603129,148.870148559,-156.571261747
9.35828877005e+29,-1.95970609061e+16,3.63579434222e+16,7.12237053398e+16,-84.0396530172,-137.548774179,-173.443970957
9.35828877005e+29,-4.59454222564e+16,-7.74842032217e+16,2.01175093322e+16,-282.008360945,6.37462963952,202.160852837
9.35828877005e+29,1.15623420917e+16,-7.0686277149e+15,4.59117356703e+16,70.4086250079,280.437352114,118.643222651
9.35828877005e+29,6.1156730667e+15,-3.02473625079e+15,-1.36857435183e+16,-216.310707962,-68.7052681183,591.552745033
9.35828877005e+29,-6.09398305886e+15,2.01402035338e+16,7.81213816514e+15,-235.47857743,-162.558184621,207.382365929
9.35828877005e+29,-9.3039715811e+14,1.87031865575e+17,-7.2106762495e+16,-115.015890467,6.65708207185,-0.866497851283
9.35828877005e+29,4.52044982822e+17,-1.34322029935e+17,-1.59494681978e+17,-107.736791565,49.8781925271,3.00604593714
9.35828877005e+29,-4.70017772745e+15,-5.95721277872e+16,-4.28466973739e+16,-174.802123279,13.302162919,-76.032268335
9.35828877005e+29,8.55915296679e+15,-7.76395624037e+15,-3.35875882276e+16,-52.3283956209,-205.215536167,-191.202848033
9.35828877005e+29,-9.63531333928e+16,-1.52941038467e+17,6.34339829462e+16,-94.644210419,51.7073454875,-54.8964864425
9.35828877005e+29,-1.28286085606e+16,-1.53069392597e+16,-1.68507505542e+17,-61.1733954588,114.559930697,67.934441571
9.35828877005e+29,2.00560153246e+16,-4.12969789254e+16,6.10420781558e+16,-208.772524636,-218.719897016,-200.015732039
9.35828877005e+29,3.94918253565e+15,2.42980914269e+16,2.29897845518e+16,96.2081982333,295.201527388,-0.324389632978
9.35828877005e+29,2.41504272741e+16,-1.81386702993e+16,2.82293632576e+16,-219.833040145,-277.369338702,415.032587869
9.35828877005e+29,4.08822122296e+16,6.23285634562e+16,-5.64217142296e+16,109.446959233,71.4992390441,-23.1879125092
9.35828877005e+29,-1.50506462854e+16,1.21845717845e+16,-1.6488018466e+15,145.583418353,105.9109652,-332.822897572
9.35828877005e+29,4.52377706683e+16,5.50382425655e+16,3.26181817962e+16,-298.799297158,-15.8946398438,-92.3296000977
9.35828877005e+29,-1.02020797088e+17,-1.46394951268e+17,3.52673497778e+16,-151.188536113,61.670161734,57.1519169682
9.35828877005e+29,-8.32159295604e+16,-2.26779727663e+17,-8.60946492052e+16,-124.459949589,71.9980199991,2.88215456549
9.35828877005e+29,2.56397633061e+16,-3.18267213657e+15,1.73481822695e+16,144.259856239,-64.7820912739,173.387653976
9.35828877005e+29,-5.69961762229e+16,2.79716232952e+17,-1.05868785526e+17,-99.9413823662,77.9633746721,15.5346736625
9.35828877005e+29,1.02791458938e+16,-3.14620163574e+16,3.99225831212e+15,146.919607571,833.24388828,-237.423138905
9.35828877005e+29,1.6870071594e+16,-2.33968212732e+16,6.37769840317e+14,-192.66577183,462.506973505,-396.328891226
9.35828877005e+29,-8.1870033127e+16,5.23317332645e+16,-2.2147457025e+16,12.7057693449,154.733495704,108.983032532
9.35828877005e+29,1.927565796e+17,3.00479726338e+16,6.09114211596e+16,-136.990850589,108.002071522,3.01951894064
9.35828877005e+29,1.98800613708e+17,-1.92243411801e+17,2.32706096374e+16,-123.092291577,43.6643884509,2.47020366997
9.35828877005e+29,-1.38582413848e+16,-4.52173954184e+15,6.8652383277e+15,424.601997068,19.5000390458,41.4470423838
9.35828877005e+29,4.43649302082e+15,-1.20515191142e+16,2.37538081809e+16,-208.338643121,637.689262579,-195.403321519
9.35828877005e+29,-6.40076929711e+16,-4.01518418973e+16,-4.58230089165e+15,-183.250495634,33.1241625104,-136.128531966
9.35828877005e+29,1.15423438291e+17,5.93692492935e+16,-3.46139454292e+16,32.1960525439,10.0757630946,47.6450306152
9.35828877005e+29,1.25968894889e+17,2.59540309147e+14,8.4873572013e+16,-62.615158509,6.32289797175,51.4826114838
9.35828877005e+29,-7.60648739945e+16,6.28576346304e+15,-3.48122868108e+16,-207.884610322,209.737126074,67.1804008473
9.35828877005e+29,3.9325623119e+15,6.52362880017e+16,1.39677096823e+16,-184.14797793,162.864797642,-114.107646182
9.35828877005e+29,-3.28950921058e+17,2.66657165141e+17,1.74105876261e+17,-117.059085086,55.6385866787,15.8856676994
9.35828877005e+29,-1.92656507272e+16,4.15885272212e+16,1.04985394322e+17,19.3016530274,127.922683605,25.781597777
9.35828877005e+29,1.49267790411e+17,3.91026632066e+15,2.0074141633e+16,-22.9511141934,49.4620858856,-112.796400622
9.35828877005e+29,3.73295477102e+16,3.06963382544e+15,3.96649534141e+16,188.177703425,-119.65213717,58.9723936176
9.35828877005e+29,1.85018086198e+16,1.78099181842e+16,2.48429042218e+16,-146.850175598,294.007430559,-147.764426746
9.35828877005e+29,-9.50225348514e+15,2.80945589181e+16,2.79946656608e+16,280.469072047,-99.6602766776,-69.64767248
9.35828877005e+29,-2.01001089547e+15,-2.95210742919e+16,1.28992785461e+17,-76.4014779889,39.0913694441,-59.6072212483
9.35828877005e+29,-1.94504402276e+16,-1.03526255267e+17,2.53903516662e+15,-139.489948795,-53.598030085,156.486209055
9.35828877005e+29,-8.58767977054e+15,-1.27873857319e+16,-2.00521866584e+16,-230.629631637,123.035573091,331.482360695
9.35828877005e+29,-2.43493975217e+15,-3.73303258109e+16,-2.14201800799e+16,-355.464278483,539.181192052,43.8206551766
9.35828877005e+29,-3.51062217824e+16,1.41989460468e+17,5.05681555742e+16,-80.1415021346,24.3222147715,109.839240585
9.35828877005e+29,-3.59281661348e+16,1.70681106309e+16,-6.1845954278e+16,-28.8028902446,-139.700438052,-100.528943968
9.35828877005e+29,4.11471031345e+16,9.54884624558e+16,8.18937246159e+16,-103.02488562,31.2129386752,81.1628356785
9.35828877005e+29,-6.01597339659e+16,3.34835553305e+17,3.87321846407e+17,-111.765936359,45.2969526592,7.91462303962
9.35828877005e+29,7.33694977336e+13,1.19974894537e+16,-1.66799200341e+15,-6.14811216011,-510.830875059,-358.784195006
9.35828877005e+29,9.31348361475e+16,-6.2008903547e+16,2.71074611426e+16,-180.783573154,-6.87703660615,-142.145967033
9.35828877005e+29,1.11512896132e+17,2.56056879919e+17,2.1245690801e+16,-116.970544948,46.7830290822,-19.5134159445
9.35828877005e+29,1.50274651214e+16,-1.55941464635e+16,-1.31487354007e+16,-63.8130356605,-176.818797717,43.9978642208
9.35828877005e+29,1.03575365731e+17,-1.32605598653e+16,1.91234580557e+17,-124.399089803,12.475128947,1.67342987549
9.35828877005e+29,-3.90439428777e+16,-5.85047322447e+16,9.89231621374e+16,-150.190751541,66.6224251001,65.6336167827
9.35828877005e+29,3.07522690984e+16,1.25396543769e+16,-1.12842429495e+17,43.1599772645,-7.36854717341,-37.1085588513
9.35828877005e+29,-1.65175253811e+17,-1.3954762372e+17,-1.87260765455e+16,-104.699989116,44.840142394,-20.6228760031
9.35828877005e+29,-4.11011222688e+15,1.62306367195e+16,-4.5081051317e+15,16.0433135883,31.6773656071,-147.733060215
9.35828877005e+29,9.11341611399e+16,4.54734645785e+16,2.27296628992e+17,-121.0636542,90.1375731125,-36.7358272994
9.35828877005e+29,5.0171519326e+16,3.99910759259e+16,-2.39085882898e+16,33.901085417,-80.8118806221,61.5961151261
9.35828877005e+29,1.52194627241e+17,7.42286813954e+16,1.16529820247e+17,-33.9415481034,60.864439028,3.98651803547
9.35828877005e+29,-3.01086518507e+16,-2.40300437547e+16,8.19526958058e+16,-187.402537893,39.6243263817,-134.069382199
9.35828877005e+29,-4.37817156932e+16,1.09784618935e+15,-1.32788491114e+16,64.0664744316,49.6287285348,178.710983345
9.35828877005e+29,-3.09423981657e+16,4.09527841891e+16,3.05802484072e+16,-276.647300601,259.346591888,-45.7356665204
9.35828877005e+29,1.0707942783e+17,6.11606318165e+16,4.35681896748e+16,-89.7183506453,-96.5890734403,9.76408070853
9.35828877005e+29,2.12310918173e+16,2.13970662735e+16,3.43958287955e+15,-559.739131469,305.588685034,90.800124438
9.35828877005e+29,-3.00628964239e+15,5.43303108217e+16,1.22806478847e+17,-54.3031673173,-14.3945249734,41.6152864875
9.35828877005e+29,-9.72236244604e+16,-8.51462852684e+16,-2.47783860504e+16,-106.254443547,117.888058475,-116.384366875
9.35828877005e+29,1.11847891581e+17,7.39195207435e+16,-1.14652456485e+17,-103.630628489,57.2881034637,-85.97894304
9.35828877005e+29,1.750747136e+17,9.31480533196e+16,-8.98363796507e+16,-132.322926118,99.618497343,-0.774839048605
9.35828877005e+29,-8.29236203525e+16,-1.41926325459e+16,-5.07173900674e+16,-76.3084797828,133.656765051,-3.58637489125
9.35828877005e+29,5.36721669354e+16,1.47740728288e+17,1.16952656321e+17,-118.223861262,20.1127368868,41.4247899228
9.35828877005e+29,-7.11144078854e+16,5.16767485461e+17,-3.5888654123e+17,-108.659841351,51.027976888,0.847532572448
9.35828877005e+29,9.27692561225e+16,-1.58988299047e+16,1.08129249737e+16,-155.770112651,14.0381175783,-36.3077205731
9.35828877005e+29,-1.24271332315e+16,-7.01881044549e+16,1.97722202372e+17,-94.5072361428,12.5813732036,16.2482213481
9.35828877005e+29,2.51264264248e+16,-1.10208301715e+16,9.79360977169e+16,-156.747457237,10.0558718878,97.3436436919
9.35828877005e+29,-3.66619797163e+16,-1.95656809617e+16,6.34004759446e+16,237.017461644,151.664773515,-21.8715002615
9.35828877005e+29,-2.83186070128e+15,3.00753142791e+16,-4.45947526158e+16,-273.012424351,457.557115465,-203.893293161
9.35828877005e+29,-9.2868236077e+15,1.8160794647e+16,1.62650105954e+16,-465.189974551,-85.4052502335,21.7586926381
9.35828877005e+29,3.04247579165e+16,1.21074360102e+17,-8.95351249893e+15,-134.964611666,119.420758495,-4.49716114759
9.35828877005e+29,5.5712804791e+16,-5.01910724388e+16,-9.1366951249e+16,-108.000586103,-55.3440367192,-32.9829458465
9.35828877005e+29,1.14202960727e+17,2.34090837721e+17,-1.87427857473e+17,-109.062068138,55.8512585356,-6.01016846947
9.35828877005e+29,-2.090027185e+16,-2.14106756752e+16,-1.58231778853e+16,-34.6279646704,-153.97646975,-64.3355623175
9.35828877005e+29,2.05668769664e+16,-1.28335581118e+17,8.4341006123e+16,-160.448791233,108.988788033,-37.406623452
9.35828877005e+29,-1.26151637027e+17,-4.23432725859e+16,1.10750428793e+16,-244.258947074,46.6102287127,-44.3453751707
9.35828877005e+29,2.27888837819e+16,-1.13112598263e+16,3.19836336064e+16,-74.8368491646,-253.812695299,115.454897116
9.35828877005e+29,6.33788435944e+16,-8.6696676419e+16,3.69747508052e+16,-209.450784273,46.0110444804,-107.288020402
9.35828877005e+29,-1.81756657253e+16,-5.49615503897e+16,-2.95289458841e+16,-68.6658835521,6.0453952101,-283.593884276
9.35828877005e+29,-7.90418848351e+15,2.21543327078e+16,5.86793762855e+16,-166.655559628,-85.7103065925,142.882345664
9.35828877005e+29,2.4304707714e+16,2.77983333576e+16,-1.99191438452e+16,-215.646407136,-85.7574591514,-150.493177654
9.35828877005e+29,-7.33236691531e+15,1.78271879534e+16,-2.03756247849e+16,391.494094297,322.637470108,188.793868031
9.35828877005e+29,5.93537000059e+16,1.60168295713e+17,-2.64167499405e+17,-117.916094905,79.6350124413,8.07111487609
9.35828877005e+29,-7.7799498458e+16,-7.21561056538e+16,4.115713649e+16,-47.757364506,184.89895034,63.9944476961
9.35828877005e+29,-2.32886850096e+16,-4.86596474107e+16,1.7242441254e+16,-102.01048585,276.249132856,-272.40590749
9.35828877005e+29,-1.7270372534e+15,2.19425026293e+16,-5.01883307424e+16,-260.222468141,-274.284545962,-68.2399325389
9.35828877005e+29,-3.24237363301e+15,-9.0966263008e+16,-7.31944005547e+16,-163.653768194,37.0166926618,-43.7310730969
9.35828877005e+29,2.99790086606e+16,-3.82495908974e+16,3.34004027094e+16,-11.6741261212,231.442294912,55.449831078
9.35828877005e+29,5.16449034295e+15,7.5051451149e+15,1.79024076957e+15,424.086235957,-138.796600675,-290.245434999
9.35828877005e+29,-7.39029228903e+16,7.88682475563e+16,8.62600135338e+16,-142.329542084,-9.80042461838,70.8005885228
9.35828877005e+29,-8.96383003734e+15,-7.30846001759e+14,7.54619328451e+16,-179.165023653,-27.1250669433,106.274660122
9.35828877005e+29,3.89342800848e+16,-2.50195625116e+17,1.10525850908e+17,-65.6937022791,54.2437621522,2.03577356016
9.35828877005e+29,3.16029925727e+15,-5.17407250003e+16,-2.5524451888e+16,-201.598345558,-12.1697852221,-205.060189925
9.35828877005e+29,7.17087410174e+16,-3.72847964387e+16,-3.22689561328e+16,-25.7855655,-52.250408727,21.5686177197
9.35828877005e+29,-1.08957345751e+17,-2.60692773647e+16,-5.59709275863e+16,-53.2953025975,-68.1118893613,-115.937883971
9.35828877005e+29,3.66917317846e+16,-7.11775470789e+15,6.51087279922e+16,185.8850051,159.266406823,5.43116745201
9.35828877005e+29,4.905163007e+16,-8.25587422337e+16,-6.74655628524e+16,16.3156240324,13.9528343503,151.439596662
9.35828877005e+29,1.39921327495e+17,2.01426998762e+17,4.37899295765e+16,-128.513553886,50.6830270415,-33.3002977148
9.35828877005e+29,-2.69469103791e+16,-1.41898004266e+16,3.5690372661e+16,-156.512042903,376.507887655,326.666246241
9.35828877005e+29,-1.32403276487e+17,-1.29748470325e+16,2.69592319119e+16,22.4417193087,3.03774728866,36.1176752827
9.35828877005e+29,-1.1120440288e+17,-2.71571044596e+16,9.33461196306e+15,-114.698339723,44.0918216534,32.6109757559
9.35828877005e+29,-2.32975137597e+16,-6.84925615717e+16,5.57445559636e+15,-94.1198366064,220.42100618,98.9994849037
9.35828877005e+29,-1.04418133952e+15,-6.91778627095e+15,6.25772835081e+16,-160.43377769,-3.5908288645,-181.335628321
9.35828877005e+29,-4.96867306133e+16,-4.65943488934e+16,2.57627797768e+16,-13.8443811869,-25.4273015058,158.661660617
9.35828877005e+29,-7.55794718367e+15,5.79223494662e+16,6.31154503311e+16,-142.723984149,55.5356608896,18.9553320346
9.35828877005e+29,-3.18391172016e+16,-2.37499914448e+16,4.03002015695e+16,-67.5295839527,-43.4926050321,-89.4308288969
9.35828877005e+29,-2.44483752683e+16,-2.15961799888e+16,5.6861802261e+16,-435.927620113,127.371312235,157.087602637
9.35828877005e+29,-6.00719594445e+16,2.81729587524e+16,-3.88529066675e+16,-172.052634536,92.6998425046,-152.742862817
9.35828877005e+29,-2.90780498506e+16,9.9304267667e+14,-5.75743612843e+15,-444.097731604,132.853692556,30.3267287979
9.35828877005e+29,-4.39063331145e+16,-7.7535671085e+15,-1.35810040386e+16,159.855246431,114.137654766,-25.8712960981
9.35828877005e+29,-5.1714816894e+15,1.79619718136e+16,-1.08463646539e+17,-169.338366356,137.408829373,-83.8367286425
9.35828877005e+29,-1.34490901933e+17,2.7768121171e+17,-1.40247424743e+17,-108.555685672,42.868899074,15.2100550267
9.35828877005e+29,9.24887369121e+16,-7.77238047752e+15,-3.90013262748e+16,-204.453801204,-37.0898056274,8.78313128172
9.35828877005e+29,-5.67828649367e+16,-2.73652245322e+16,1.7515701629e+16,44.0333994061,56.5372238004,-84.7575716429
9.35828877005e+29,4.46190190214e+16,4.86651552387e+16,-4.92984727498e+15,-65.4633698889,-23.6353945847,-25.835144403
9.35828877005e+29,-9.68320751547e+15,1.72267821653e+17,2.37752897984e+15,-135.106667338,82.1483767786,4.59252841265
9.35828877005e+29,-7.98567199005e+16,1.97720034181e+17,1.94736507021e+17,-113.660244382,39.7521031207,8.2981407516
9.35828877005e+29,2.61487842152e+16,3.88774632096e+16,2.0308943902e+16,-329.07806824,205.594412458,-180.244077374
9.35828877005e+29,5.38492555359e+16,-5.07700333304e+15,-1.26167014391e+17,-212.327682885,-32.4024142183,19.4393827667
9.35828877005e+29,5.58545320782e+16,-1.9981824388e+16,2.33610454633e+16,-99.2596516666,124.537185152,-239.827814704
9.35828877005e+29,-1.2389322665e+16,5.33775910619e+16,-2.02539807822e+16,-429.05177857,234.898158819,-98.1456916819
9.35828877005e+29,-1.62463543358e+16,2.19004545625e+16,-1.13002337449e+16,-507.941716457,80.8656136877,256.981858159
9.35828877005e+29,4.06245897466e+16,1.7217660791e+15,4.05478791317e+16,-104.045065726,26.705859423,-113.721612197
9.35828877005e+29,-1.59817705772e+16,1.2885113445e+16,-8.23408294307e+16,26.8511612486,105.398955,19.5662884378
9.35828877005e+29,1.35103771504e+17,-6.23924199323e+17,1.60192691962e+17,-116.08566192,54.0497038026,11.5142633313
9.35828877005e+29,1.3756867182e+16,1.30216898565e+16,-4.19008600483e+16,-301.589620609,169.163781394,461.328968688
9.35828877005e+29,1.6976823777e+16,-5.07792084637e+15,4.51770514458e+16,-176.336638891,-48.1320127351,-99.1304240147
9.35828877005e+29,-4.88423456312e+16,-2.69647106693e+15,1.07376321534e+16,-13.7086720109,392.926231706,-253.054567767
9.35828877005e+29,-2.03803490987e+17,3.06073542189e+17,-1.58482121167e+17,-124.048425449,58.4760700548,22.8532923915
9.35828877005e+29,-1.45178200015e+16,-4.49293567607e+16,8.37044022111e+15,-297.808521573,393.945514758,-162.98669997
9.35828877005e+29,-2.31406027113e+17,4.90314917807e+17,-2.98636107102e+17,-109.261730128,53.3319304134,9.98186846869
9.35828877005e+29,5.42779301115e+16,-2.88447480259e+16,-9.80621775295e+15,-179.980113107,-328.880925447,304.637192324
9.35828877005e+29,-9.47861441595e+15,5.26264716216e+15,8.82693663468e+15,189.4634797,-177.347416912,-298.673996917
9.35828877005e+29,-1.12002068103e+16,1.46160243394e+16,6.55699198562e+16,21.0527655815,-7.11925954671,-67.604510491
9.35828877005e+29,-1.74576929529e+16,-1.74416880236e+16,1.91644716019e+16,101.760458691,-251.20341123,-122.328625527
9.35828877005e+29,6.77008329522e+16,-4.23220050078e+16,7.35966351088e+16,-170.653938573,71.2240988561,-93.6194547467
9.35828877005e+29,8.38252864779e+15,-3.94167294321e+16,-7.41957873282e+16,155.597467109,-7.53366622201,-29.1662138401
9.35828877005e+29,3.85586979508e+15,-1.46487027406e+17,-2.34222284412e+17,-114.699523556,54.4707846089,3.09334558936
9.35828877005e+29,-1.11476527164e+16,5.14978685375e+16,1.50455488793e+16,-60.695828801,-235.759562503,-165.522313734
9.35828877005e+29,6.33762777216e+16,-7.99757325905e+16,2.6500805936e+16,-221.002195782,133.221726958,85.3278720107
9.35828877005e+29,-4.37675921978e+13,-1.65989882426e+16,2.86474157441e+15,-628.647026064,-589.623574797,-535.030475934
9.35828877005e+29,-4.77978687382e+16,6.01869337812e+16,-1.78923755434e+17,-94.332062624,27.8321924569,-6.85830812655
9.35828877005e+29,-4.94301624496e+16,7.26951857228e+15,2.89528689818e+16,89.14735585,168.516285782,-44.2471947935
9.35828877005e+29,2.47782225961e+15,-8.375940659e+16,1.94708371285e+17,-122.754370938,31.2785768835,-11.5415029873
9.35828877005e+29,-5.73449884914e+16,3.38903326772e+16,-1.16739363923e+17,-76.319817972,142.620684569,-14.7320755087
9.35828877005e+29,2.08021652977e+16,5.10445702805e+15,-1.13450460133e+16,-244.214679082,265.78064792,296.990003956
9.35828877005e+29,-2.16549811776e+16,2.1656345868e+16,2.78598037133e+16,-566.556075069,-240.305093001,43.5130502018
9.35828877005e+29,-9.2714571938e+15,-1.70163826064e+16,-1.33739768208e+16,-496.935567461,88.6315200502,-492.372898676
9.35828877005e+29,-9.66668928976e+15,2.92577506417e+15,4.98003750765e+15,-35.9323969317,699.835793165,-244.672916379
9.35828877005e+29,-1.02692316539e+17,3.21326012958e+17,-2.23757243454e+17,-113.114091263,41.5718406092,19.5974290241
9.35828877005e+29,-8.53875319639e+16,2.60155678204e+16,4.47949947651e+16,-19.4478592301,27.9648301482,135.839523635
9.35828877005e+29,-4.22350993642e+17,2.69216373438e+17,1.64688049548e+17,-122.048530206,42.859228124,11.2909905343
9.35828877005e+29,-5.07954823478e+16,-3.52072266031e+15,-6.41307918693e+16,-149.185056356,-15.2741611601,-54.2189389516
9.35828877005e+29,6.25159553147e+16,5.67712365782e+16,4.20099597492e+16,-174.686851465,-56.4752592726,64.8366442076
9.35828877005e+29,-5.36986207719e+16,5.32469501057e+15,1.05315800359e+17,24.3091767415,156.842381223,-14.5465345947
9.35828877005e+29,-5.15538628275e+16,9.06904648064e+15,-3.92285986928e+16,-119.429101752,-27.9063351132,-308.606457746
9.35828877005e+29,2.79527588476e+16,1.42234237496e+16,6.08815865468e+15,412.678598509,507.485426676,261.536431368
9.35828877005e+29,-1.70327252908e+17,5.64538537084e+16,-7.67610439654e+15,-149.125729032,39.3365168348,-69.5076009499
9.35828877005e+29,7.86809453948e+16,6.38809853881e+16,2.5237995507e+16,-148.196138076,-43.0430359175,-97.2054923148
9.35828877005e+29,4.73210937013e+16,4.23349556896e+16,-2.45789484896e+17,-134.585598757,59.3175552571,27.7353808045
9.35828877005e+29,1.88008528286e+16,4.47964499076e+16,-4.32057178371e+16,-288.423805085,-290.289831236,95.1983894756
9.35828877005e+29,-1.44116251488e+17,3.94956888602e+17,6.36657807153e+15,-120.270525733,60.8412536344,8.93730977305
9.35828877005e+29,2.51885350586e+16,-2.70826877677e+16,3.47236409761e+16,-80.6408480236,320.042272195,-257.640018512
9.35828877005e+29,4.55723842975e+16,-2.63990669256e+16,-1.10158247597e+16,170.217193693,59.5567075832,-237.620690537
9.35828877005e+29,-7.79895850267e+15,3.9464182577e+16,-1.43764474481e+16,-694.0509046,365.1808443,238.977216584
9.35828877005e+29,-7.9824193581e+15,-3.0786778206e+15,2.76674934798e+15,430.325059164,573.462208218,-161.60427001
9.35828877005e+29,-1.21350193151e+16,-3.00903598116e+16,-2.45607291167e+16,263.491762081,-419.263531751,207.695515846
9.35828877005e+29,6.13014894e+16,2.06969302627e+16,-2.1966880136e+16,-457.176934303,36.6250781478,-22.1617658207
9.35828877005e+29,-1.46600053893e+17,-9.41898714163e+16,2.63580871169e+16,-133.205420837,43.0999500535,-21.3115188529
9.35828877005e+29,-3.31755859875e+16,-5.2398427761e+16,4.54144408691e+16,47.0376935892,3.30573952441,-79.863946583
9.35828877005e+29,9.04560294505e+15,-5.53613405879e+15,-3.91638098402e+16,154.952316591,29.3234730285,-241.84712976
9.35828877005e+29,-5.46460823346e+16,-3.19442154851e+15,1.21499275009e+16,-338.442932943,-0.523955520233,-393.25413852
9.35828877005e+29,5.41970067554e+14,-3.04856523353e+16,-2.54403371681e+16,-418.102944458,-156.80885968,177.9383991
9.35828877005e+29,-4.9604001048e+16,-1.08315572623e+16,3.35014960926e+16,98.8944223693,-13.8225864017,-36.0411715861
9.35828877005e+29,2.99364852153e+16,2.23090594696e+16,-4.00147434159e+15,-249.214040067,-104.882152232,-211.371185205
9.35828877005e+29,1.2935613415e+16,-2.83208906992e+16,-2.22251905568e+16,-301.964869934,-97.1643093697,-246.144433008
9.35828877005e+29,-3.75869787604e+16,3.60795947522e+16,7.44561601445e+16,-62.4620839831,-70.7589732255,132.366328667
9.35828877005e+29,1.40706159754e+15,-1.3125371314e+16,-5.98519455492e+16,-108.097005996,30.669954104,-170.677261079
9.35828877005e+29,-4.23282885017e+15,-1.75590404915e+16,2.61950656801e+16,40.9559736118,390.866500894,-218.866925966
9.35828877005e+29,-9.26605414181e+16,-9.17973634046e+16,3.61733188714e+16,-104.808359445,17.4189504475,-72.7839803573
9.35828877005e+29,7.29988764914e+16,7.4988726438e+16,4.32573510289e+16,-133.92947283,49.0576563107,18.3231097027
9.35828877005e+29,1.87925927431e+16,8.15484082285e+16,6.69714749553e+16,-246.37831533,48.629289811,17.8265037516
9.35828877005e+29,-5.24428304245e+15,-3.98754812025e+16,1.92172980968e+16,177.881719849,598.331897999,-74.4195945605
9.35828877005e+29,2.26627968339e+16,-3.46129849907e+16,-2.50772331023e+16,-197.428231404,-152.994461917,168.819122132
9.35828877005e+29,7.88872110559e+16,-3.90625967695e+16,3.04837244372e+15,-131.386586421,-34.412129711,-4.42214425997
9.35828877005e+29,1.98867704597e+16,5.14011964221e+16,-6.1525278826e+15,73.1039927084,22.315391004,170.185035001
9.35828877005e+29,-6.57154305045e+15,-9.88734612285e+16,-9.21550787208e+15,-2.28446190766,-109.579022944,123.488495886
9.35828877005e+29,9.93567709838e+16,-6.47715625052e+16,-2.08469449562e+16,-3.37442785974,166.015106923,-111.238999807
9.35828877005e+29,3.59097462611e+16,3.97901619518e+16,-1.17178334869e+15,-292.982682958,-63.6869669593,48.4871590828
9.35828877005e+29,-6.41961143376e+16,4.90737530735e+16,-4.06746017594e+15,-0.937126557384,-46.8899797509,45.8138146241
9.35828877005e+29,6.79763400628e+16,1.83808915811e+16,1.99862851018e+16,-158.877575314,84.8090342099,-34.5069367953
9.35828877005e+29,-9.34289738489e+15,-1.76560486677e+16,4.40801111342e+16,-180.07204473,-219.963460545,166.860697562
9.35828877005e+29,6.90211670098e+15,5.50704333544e+15,4.34798394227e+16,-296.261637498,91.6438144653,5.36891645332
9.35828877005e+29,-7.47165431125e+16,-6.61713769319e+16,1.08761546352e+17,-149.277369156,73.201253513,13.6083153566
9.35828877005e+29,-2.07549934242e+16,-6.11777398062e+15,-2.37010523701e+16,-630.772329091,-275.378160034,-47.1558137629
9.35828877005e+29,1.99901336212e+13,-3.12779642685e+16,3.41889286489e+15,249.031833004,-34.2124642938,-532.929103319
9.35828877005e+29,-1.81974650308e+17,-1.09851961962e+16,-2.08929680812e+17,-106.407470562,71.3209428036,27.6288214485
9.35828877005e+29,-4.23731862776e+14,4.81975505545e+16,-4.61556679333e+16,-112.60159963,-24.2782908623,-100.849783386
9.35828877005e+29,-5.19949868524e+16,-4.64815358659e+16,5.44512145604e+16,37.6376646568,-112.148479416,43.0658796247
9.35828877005e+29,1.46285623796e+16,-1.316260771e+16,-9.69623009393e+15,-584.571647283,583.055947506,54.6277804017
9.35828877005e+29,1.17344623076e+16,1.01060938345e+17,-9.2679672286e+15,-112.045718777,-24.7379443105,140.425178891
9.35828877005e+29,-2.05184647668e+16,1.8256384259e+15,8.09124601347e+16,-35.2429643053,84.5847734335,219.797171886
9.35828877005e+29,-1.14873256025e+17,-1.45211790098e+16,-1.43522628058e+15,-136.244014651,41.6595735884,-50.1766968985
9.35828877005e+29,-7.30282733749e+16,8.04356010787e+15,-7.04228349286e+16,-275.461624457,-119.109018123,33.6513053567
9.35828877005e+29,-5.90975601975e+15,-3.08906399104e+16,1.15191688706e+16,-91.4050051839,-6.68763543321,-50.86989666
9.35828877005e+29,-4.41624658354e+15,-1.62650824485e+16,-4.03944159875e+16,-240.201550228,-438.505334542,116.44628037
9.35828877005e+29,-7.5580081256e+16,-4.23742272867e+15,-1.01344888295e+16,-234.754563862,-133.974714492,-91.3559357435
9.35828877005e+29,-4.59792245856e+16,-1.63628332637e+16,1.61960433001e+14,163.095638008,32.6626202386,34.925068881
9.35828877005e+29,3.22018684611e+15,3.20702602248e+14,-1.17330477216e+17,-70.6002265108,151.245592727,-16.1796928429
9.35828877005e+29,-7.25136320991e+16,1.18408911976e+17,-1.64949538155e+17,-157.303367567,67.233527437,50.5806589719
9.35828877005e+29,-2.39892821538e+16,4.47873519316e+15,-1.39138346813e+15,-172.999604403,534.633397358,210.063441482
9.35828877005e+29,5.83794611164e+16,3.06865299981e+16,-3.2352339943e+17,-103.318219903,66.1417009889,6.35771028379
9.35828877005e+29,-2.88823128948e+16,-8.06373274255e+16,-7.05345026905e+15,-165.69636414,134.399720216,64.4277619759
9.35828877005e+29,-1.19777853665e+16,-5.67972686274e+15,-1.32617637007e+16,316.642741251,284.794468041,99.4429573071
9.35828877005e+29,-1.66439060773e+16,2.4322484745e+16,-1.53149906551e+16,-289.866455054,541.867731271,-61.6602311424
9.35828877005e+29,-8.65028761641e+16,-7.72185367436e+16,3.52713298456e+16,-125.005198665,-130.404098557,-15.0880711305
9.35828877005e+29,7.96639047531e+16,-1.99885431108e+15,-2.43900584081e+16,-249.654937225,110.897375612,55.5482084116
9.35828877005e+29,-6.32730891987e+16,-1.86335324404e+14,5.37399245927e+16,-113.339480503,-17.1997502761,-88.2860423118
9.35828877005e+29,-3.33553480545e+16,7.31199429683e+14,-4.59956146845e+16,-137.864750594,-114.400353014,378.563131476
9.35828877005e+29,-7.64609084025e+16,4.14670111755e+16,1.07308715259e+16,-43.2927316113,106.905178808,219.40725644
9.35828877005e+29,7.83048555082e+16,1.38636662211e+16,-9.44505509048e+15,214.383684966,19.6107840285,-29.2451965862
9.35828877005e+29,-5.6045788103e+16,-3.18786665076e+16,4.18454021968e+16,-268.483050947,40.0502649877,9.35811540795
9.35828877005e+29,6.16707652279e+16,-3.86074644312e+16,-2.06388746634e+16,26.2899145656,27.9762337208,-181.762105253
9.35828877005e+29,2.63431961137e+16,-7.42142845056e+16,9.92952239524e+15,98.7866099422,95.4089152302,-21.5438369399
9.35828877005e+29,1.62875842477e+16,9.15145753095e+15,4.16769675376e+15,232.256782512,-13.0079531691,152.401805558
9.35828877005e+29,-5.28608575249e+16,7.38242081896e+16,-8.64147054017e+16,-94.2473915094,-49.4593045202,45.1035714489
9.35828877005e+29,7.86593915517e+16,-5.68148062226e+16,-9.11183710562e+16,-21.360314963,117.974713439,-41.1060002018
9.35828877005e+29,8.87511287956e+16,-3.93571227075e+16,-4.75121625404e+16,-184.271947697,83.1109265474,74.5924024422
9.35828877005e+29,2.94043829915e+17,-3.56299784655e+16,9.66286402792e+16,-108.734402309,41.2803880243,-19.7499953113
9.35828877005e+29,1.48614489976e+16,8.49763559572e+16,-4.74157497614e+16,-174.00514453,25.0067432303,-150.795915991
9.35828877005e+29,-3.02694602617e+16,-3.74314718862e+15,3.13502182117e+16,-101.515659252,431.613829487,-109.17302943
9.35828877005e+29,-8.81677954981e+16,-7.54418382407e+17,-8.6190528401e+16,-111.88474661,53.5542762831,12.4679250837
9.35828877005e+29,-2.36278275378e+16,-4.48378028212e+16,4.95699910654e+16,-243.07670871,197.978376922,-249.582949263
9.35828877005e+29,-4.40218393405e+16,-6.18258980784e+16,-5.84965867593e+16,-107.3425178,147.702894308,49.3875118765
9.35828877005e+29,3.32437278014e+15,2.37161567338e+16,-6.49719084824e+15,33.4496664404,-139.035135541,153.58464697
9.35828877005e+29,7.67883883683e+16,-1.23806115634e+17,-3.1466908632e+16,26.500181385,2.50378648086,5.451303084
9.35828877005e+29,-1.10597432496e+17,-1.36959859494e+16,8.0111570202e+16,-56.3573326192,5.06223575551,26.8113796769
4.67914438503e+29,-8.86289593944e+16,2.77150010817e+16,4.98291994566e+16,-293.353874063,-1.99767909097,81.8069074676
4.67914438503e+29,4.47942525663e+16,-1.72676982218e+16,5.62039059699e+15,117.309818712,116.507609684,-117.788452065
4.67914438503e+29,-4.98560173141e+16,-8.03396678347e+16,2.77608053154e+16,-278.963859398,-153.99991465,-9.63705369742
4.67914438503e+29,2.70459141314e+16,3.50960008964e+16,7.95320269729e+15,-438.951874182,494.481602012,281.980853959
4.67914438503e+29,1.92585301267e+16,-3.24317185602e+16,2.32611033327e+16,-516.204816638,379.312799607,-157.206765969
4.67914438503e+29,-2.74486537608e+16,5.67319936909e+16,-1.71459849212e+16,-179.018458056,102.106417567,13.6256067957
4.67914438503e+29,1.09981662e+17,8.84559460147e+15,-1.21038330458e+17,-101.410056688,135.946638218,59.7118324319
4.67914438503e+29,9.60664258015e+16,-7.98963380839e+16,-3.37756978692e+16,-113.608941635,147.686035568,-59.8400020373
4.67914438503e+29,5.95029752274e+16,8.92535353999e+16,7.65471029675e+16,-180.437786561,50.408955691,-32.9095924377
4.67914438503e+29,-1.0869883426e+17,8.21035221731e+15,-1.11044102975e+16,-197.432555231,99.6220117561,-43.7721151983
4.67914438503e+29,2.65418866292e+16,1.67455570495e+16,1.74490446396e+16,-426.780429604,0.903918585749,-65.7234649379
4.67914438503e+29,-9.17247324879e+15,-2.20700347163e+15,-1.27064512737e+16,-789.328363381,-475.131628266,6.94340975781
4.67914438503e+29,-6.46001185027e+16,-1.1937995692e+16,-6.87821309802e+15,-379.303699708,85.160154807,232.6491585
4.67914438503e+29,-3.86732687506e+16,-8.31121697312e+16,-1.82244943262e+16,-81.169989005,-4.6743757622,84.6250429191
4.67914438503e+29,4.19950067524e+16,1.09710668065e+17,1.07778160777e+16,-238.275613233,162.527114767,-11.0778273743
4.67914438503e+29,1.40291504775e+16,-8.43984614661e+16,3.05186972812e+16,5.20835636891,157.852002967,15.602901893
4.67914438503e+29,-2.66884919389e+16,-4.58842959752e+16,8.53414118157e+16,-63.8291907173,-37.5799683878,-235.586140914
4.67914438503e+29,1.1963229894e+16,-3.10895863638e+15,3.39051804802e+15,211.549777147,92.9522285386,26.7843641563
4.67914438503e+29,-9.49448147251e+16,-4.01666725747e+16,6.60813430758e+16,-83.7717326547,67.092352457,120.917471395
4.67914438503e+29,-1.69076450132e+17,2.52372724482e+16,2.18134005449e+17,-116.845538596,65.6243653605,20.5406119623
4.67914438503e+29,-6.10482995323e+15,-1.07911119957e+16,-5.54958547974e+15,-527.324295463,-490.914172165,350.983069529
4.67914438503e+29,-1.15382950094e+17,-5.78949518955e+16,-8.12912808369e+16,-162.063383085,-5.97790851844,-22.6331414206
4.67914438503e+29,6.26238737126e+15,-9.44213605673e+15,-5.49277973408e+15,268.709272195,-2.24181261058,-21.952119725
4.67914438503e+29,2.46261343821e+16,-6.8596474713e+16,9.68452775571e+16,-14.5568387732,41.9364322303,90.9189937332
4.67914438503e+29,3.70948410644e+16,5.6540884734e+16,7.88832789807e+16,-97.3544782612,276.881059284,115.815040782
4.67914438503e+29,-2.93221511682e+16,-1.86715337987e+16,1.06043671983e+17,50.5581464979,-29.5230739147,-65.5323039998
4.67914438503e+29,1.80466780562e+16,-3.07332832058e+14,1.8352636455e+16,-96.6391892238,-167.60611462,-924.784850475
4.67914438503e+29,1.10590726827e+16,4.63441411148e+16,-3.8847296156e+16,-47.4981368089,223.083996838,-113.494563909
4.67914438503e+29,-6.84305738958e+16,-1.14207910431e+16,7.16300363075e+16,-195.151662833,93.1613089575,128.055379407
4.67914438503e+29,6.76259599339e+16,-9.1697298154e+15,1.17455429456e+17,-48.3178967266,67.0799806403,-88.0546267964
4.67914438503e+29,4.27228857373e+15,-3.57330914014e+16,-3.55324178226e+16,-408.612836425,206.082272997,243.431544989
4.67914438503e+29,4.90850358865e+16,2.06240704964e+16,-3.55268594879e+16,95.8796339122,117.400253624,-109.293246418
4.67914438503e+29,3.65535546485e+16,1.65918838126e+17,-6.37464131019e+16,-50.9656683499,-3.16669127325,23.4767871115
4.67914438503e+29,-2.60142818477e+16,1.40215545741e+17,3.96917783096e+16,-68.605658261,52.4685742446,70.9448295511
4.67914438503e+29,5.06807032943e+16,1.42985665995e+16,-1.03258330328e+16,-112.297738954,-275.171485526,145.46972552
4.67914438503e+29,-1.55087194051e+16,-6.7889111595e+16,-5.93372933267e+16,-50.2106872716,-46.8945191216,190.968218745
4.67914438503e+29,1.30440376256e+16,-4.26944919521e+15,1.84865318109e+16,-19.6246649362,643.209989868,80.5001181062
4.67914438503e+29,-3.29294369444e+16,4.63893515109e+16,4.3914638589e+16,-208.218210011,-85.7828520407,-110.609459958
4.67914438503e+29,-2.2171633676e+15,4.68962683636e+16,2.75300236751e+16,-115.382503492,279.413392116,171.531931462
4.67914438503e+29,1.15822613858e+16,-3.76192697362e+16,-1.68243993971e+16,-272.190744445,366.717096081,-197.764253995
4.67914438503e+29,-4.85602731283e+16,5.53207750019e+15,-1.57204791129e+15,-23.4301298178,-243.47091832,37.2991106474
4.67914438503e+29,-4.57238677065e+16,-7.19197069053e+16,-1.84474761129e+15,-46.5891188286,51.1154321282,-56.5654400385
4.67914438503e+29,-3.68377712933e+16,1.85736152579e+17,8.35413354865e+16,-123.432878875,20.2751027976,42.3299018271
4.67914438503e+29,-5.91029349421e+16,-3.88517965582e+15,4.0771299575e+14,-321.939189359,108.078172848,-85.3369657338
4.67914438503e+29,9.31928740281e+16,-1.20600307614e+17,4.58385882275e+16,-125.716338571,144.47038087,54.5309031441
4.67914438503e+29,1.04061113422e+17,-4.20522052796e+16,-6.99138341488e+15,-28.9510005649,70.8584892784,-232.177986039
4.67914438503e+29,5.92562789718e+15,-3.9354278505e+15,-1.99983052538e+16,37.7786909104,-503.713750903,404.909502666
4.67914438503e+29,-7.23869585994e+15,5.41105652513e+15,-1.83540721445e+16,-600.182878021,-83.938115021,310.359115446
4.67914438503e+29,-9.17147074261e+15,4.22223747474e+16,-1.07357223291e+15,12.4492098799,223.902288641,-14.1851180201
4.67914438503e+29,-7.3322088228e+16,-1.80529556518e+16,2.07760183175e+16,-197.467370872,168.585161196,-163.527779701
4.67914438503e+29,5.11531921332e+17,7.2954837548e+16,3.43801684615e+17,-111.843051841,57.3314427191,9.8181658334
4.67914438503e+29,5.97120553366e+16,-7.87666365984e+15,4.9347992446e+15,-251.188438732,-92.8213192452,190.466828541
4.67914438503e+29,-7.24021354763e+16,-5.37632127469e+17,-2.02767509013e+16,-101.417295296,56.1938670749,4.89223137482
4.67914438503e+29,4.9288676761e+16,-6.44942488346e+16,-7.4302309011e+16,-118.742238596,-58.4069924915,-29.2015209435
4.67914438503e+29,5.04341433331e+16,9.06294067837e+15,3.62371940412e+16,147.159746865,-86.3555855312,-66.5324414436
4.67914438503e+29,8.51739209843e+16,6.80827719848e+16,1.24532160048e+17,-71.6758454957,19.4393516587,64.0304289569
4.67914438503e+29,1.57720208201e+16,-2.49128199316e+15,-2.06537201505e+16,-449.084078233,173.081842401,-159.037091503
4.67914438503e+29,-1.94323104113e+17,-1.78568271919e+17,4.33754704875e+17,-103.174622093,49.5523615455,3.17526588198
4.67914438503e+29,2.18675877077e+16,1.49500590245e+16,2.36069486104e+16,-14.6705032653,-110.183158126,-40.8718933863
4.67914438503e+29,-1.02033623218e+17,8.92892569863e+16,7.36649139846e+16,-118.65055971,44.2976537542,69.1932040765
4.67914438503e+29,1.52527437251e+16,-2.54857748114e+16,7.68081892105e+16,-2.65422614465,-68.7679632825,16.8986005528
4.67914438503e+29,1.15735421733e+17,-9.73707295141e+16,9.09397195596e+15,-92.557365788,80.5158133704,7.05700378768
4.67914438503e+29,3.62511986435e+16,-4.58320087225e+16,-1.69210810748e+16,-303.126576493,340.656837364,2.8342372382
4.67914438503e+29,-5.51388116097e+16,-9.52190159212e+16,-4.21981730545e+16,-87.245601344,251.079125656,-109.075476538
4.67914438503e+29,2.62694478647e+16,7.22811894404e+15,-1.54472957497e+16,174.42021303,574.072003218,219.033307556
4.67914438503e+29,2.25327747767e+16,-1.06270286953e+17,-8.05656419837e+14,47.9820146948,-45.7968790333,165.592892824
4.67914438503e+29,8.89954190067e+15,-3.56509684008e+16,3.33700215992e+16,-411.658214136,469.10755097,58.7923412786
4.67914438503e+29,2.47956488944e+16,-3.75029619587e+16,-2.84325068053e+16,-380.131990439,264.638114838,-91.5579831781
4.67914438503e+29,3.68405998157e+17,2.41380131117e+17,-4.8446671595e+17,-111.418165116,48.4450597741,5.64262856087
4.67914438503e+29,-1.2530791217e+17,3.01095522877e+16,1.20096186013e+17,-48.1143774144,92.8459961831,23.5028908568
4.67914438503e+29,-3.22734866866e+16,3.55598961011e+16,-9.95990108611e+15,70.7196737092,463.406676002,-85.0454569927
4.67914438503e+29,9.30706882791e+16,-4.99501997374e+16,-4.57394276988e+16,-163.505058356,76.5426905481,-194.25093811
4.67914438503e+29,8.05537374473e+16,-7.96197382935e+16,1.46846290228e+14,-58.8502010112,141.288265125,-122.400526633
4.67914438503e+29,-3.48604418837e+16,-7.56638964213e+16,1.51291097528e+16,-54.6537533938,-61.8842070551,147.529460073
4.67914438503e+29,-1.96777948103e+16,1.58098537635e+16,-4.71789604376e+15,8.88877745162,397.238530058,423.90507668
4.67914438503e+29,3.60655962585e+15,-3.87326760333e+16,-2.62179534094e+16,23.9900456207,-523.775360448,101.074230432
4.67914438503e+29,-4.00869849112e+16,2.37337541105e+16,2.54046862842e+16,28.3207576528,166.842636289,268.449608291
4.67914438503e+29,3.63124099849e+16,-6.50981458209e+16,3.87028765525e+16,-69.1053751738,-33.0009550931,-85.1950909697
4.67914438503e+29,-1.96906496729e+16,-6.03787087701e+15,-2.83811270363e+16,55.6028970988,45.2083899067,-600.421049913
4.67914438503e+29,-1.64463147326e+16,-2.00770374161e+16,-9.61335910106e+15,-531.498236978,-62.8896571842,-365.721020908
4.67914438503e+29,2.35403087782e+16,-9.6477302211e+15,4.14677422851e+16,-78.1173618305,126.314257852,144.956152106
4.67914438503e+29,8.10632412107e+15,2.44541075922e+16,-2.08135646259e+15,-528.969036475,77.6292981295,141.116227963
4.67914438503e+29,4.85503866728e+16,-3.1015201412e+15,1.05843690678e+16,-559.925279966,212.91007988,-192.948421326
4.67914438503e+29,1.57987096808e+17,-4.92199214273e+16,1.47769507046e+17,-69.0844337558,87.4896156618,20.4439882016
4.67914438503e+29,-1.01750988342e+17,-1.57556737955e+16,-2.61246636616e+16,-90.9622026489,172.693252996,100.407408169
4.67914438503e+29,-1.81659829921e+16,2.76257885924e+16,3.90032346757e+16,-33.1625909439,193.780320664,74.1029701598
4.67914438503e+29,1.02006593034e+16,-1.38119650214e+16,9.16060480835e+16,-132.54970397,-86.5665276694,-12.4805891888
4.67914438503e+29,-1.81987146763e+16,4.61044921115e+16,4.27043649903e+16,349.287975681,184.968523759,-40.9228072635
4.67914438503e+29,-4.61190053694e+16,1.57605795565e+16,4.50390236765e+16,20.8308067392,-13.1495583384,195.778225556
4.67914438503e+29,4.67749587567e+16,2.76427112556e+16,-5.09512546271e+16,-321.692122416,53.1858808146,131.481381729
4.67914438503e+29,1.58966604978e+17,1.14076651764e+17,7.91852041315e+16,-129.625970396,79.2538787467,-12.8990722724
4.67914438503e+29,2.43637824435e+16,-6.52267239455e+16,-9.64452552087e+15,195.880747684,240.333569222,-138.393762675
4.67914438503e+29,1.24566354763e+17,1.33773398831e+17,-1.13941333584e+17,-172.438282766,58.0693469305,4.3388509883
4.67914438503e+29,5.65502459319e+16,7.11500971279e+15,3.16093913704e+16,209.020084962,-24.859935187,-56.0395353274
4.67914438503e+29,-6.80641485219e+15,9.05687679798e+15,3.0630668541e+16,-36.0607780029,-10.6685784278,-255.968737224
4.67914438503e+29,6.2754737912e+16,-1.50836052008e+17,-4.0810994613e+15,-71.644010569,129.540725877,-29.9004142558
4.67914438503e+29,1.16845449351e+16,-7.36515315619e+16,-1.02828470382e+17,-96.1254073427,-6.25377527493,18.3963296699
4.67914438503e+29,1.20989260582e+16,1.95031587742e+16,3.29098724262e+16,-124.19488205,-103.366362881,73.3313507901
4.67914438503e+29,-5.7222996543e+16,2.45789336728e+16,4.13005123099e+16,-10.9952330024,170.947331043,-66.390898307
4.67914438503e+29,-1.2904997024e+16,-8.09044502939e+15,-9.06532602622e+14,-38.9068194561,-378.742134722,-43.4449042748
4.67914438503e+29,9.53646310662e+16,6.63278113512e+16,1.8057738541e+17,-111.39045797,16.4839080302,59.6444251723
4.67914438503e+29,4.46585828829e+16,3.17715386993e+16,-7.87055550297e+15,-6.01672143579,113.295549436,-102.877132481
4.67914438503e+29,-2.1395897525e+16,-6.52166453206e+16,-7.471793095e+15,98.1081697832,-113.81046901,38.6788977113
4.67914438503e+29,1.15973065283e+17,1.87975307748e+17,9.68145855989e+15,-126.21192214,51.1853525138,37.0161030643
4.67914438503e+29,8.91248661411e+16,-4.29499943824e+15,-2.87649933983e+16,-114.848290589,-151.557467026,104.647764596
4.67914438503e+29,1.11809593218e+17,6.50118176067e+16,4.51984671602e+15,-82.2197114104,190.95710052,74.6694504026
4.67914438503e+29,-6.41239827889e+16,3.39922770816e+16,1.32305324876e+16,-34.3085712181,-21.7921376194,-41.1934723167
4.67914438503e+29,-1.96288132657e+16,1.51814197723e+16,2.7252950499e+16,132.439478529,336.334536281,-209.693821711
4.67914438503e+29,-1.79584737118e+16,1.62499370634e+16,-3.40385321635e+16,-132.756737202,200.689515095,-230.943411177
4.67914438503e+29,-1.03685815554e+16,1.04416898268e+16,-6.11760803512e+16,74.6906413229,131.358281298,86.2624756076
4.67914438503e+29,4.62823655109e+17,2.0870190857e+17,-3.48686618891e+17,-118.85436894,51.0520917805,2.51776905546
4.67914438503e+29,3.11138936788e+17,-5.47033251486e+17,2.83950457997e+17,-115.659181067,54.7114574759,10.0536745656
4.67914438503e+29,-3.56062786369e+16,-5.87797880751e+17,-3.43898095978e+17,-106.021654855,55.5342723667,9.55818280361
4.67914438503e+29,8.49579921661e+16,-1.16430227406e+17,3.07131683564e+16,-24.7487730553,137.848680218,1.0228205522
4.67914438503e+29,2.03876345315e+16,3.08759598959e+15,-3.0784628955e+16,-310.189458036,-171.374863601,101.074816542
4.67914438503e+29,-6.59560043102e+16,8.96267528768e+16,1.74923528206e+16,24.2285100004,92.5451449364,77.5555589471
4.67914438503e+29,4.81650750431e+16,3.65143544432e+16,-1.19924994956e+16,-98.1709796683,-24.430373968,41.756800627
4.67914438503e+29,-3.34466221959e+16,-8.17387430573e+16,2.29609736357e+16,-147.038292351,256.369107018,59.3317515552
4.67914438503e+29,6.84580257567e+16,-8.55292632593e+16,-1.25505188721e+17,-124.654072686,121.199405853,8.85553383346
4.67914438503e+29,-3.96334352139e+16,-4.69465949171e+16,2.16280515964e+16,-77.4504061578,138.107531307,-136.124094853
4.67914438503e+29,1.07319034617e+16,1.40768825179e+16,-6.95561554147e+15,-648.609182765,22.4987646505,153.710964722
4.67914438503e+29,4.74886809478e+16,-4.97897015436e+16,3.8327972625e+16,172.356956837,42.6222328815,-160.514163645
4.67914438503e+29,2.28087742069e+16,-8.24660898268e+15,-5.13409388791e+16,-169.808705735,191.74949624,404.76239665
4.67914438503e+29,-2.98259701951e+16,-2.77097256859e+16,3.71742802229e+16,67.8676602835,48.0401923412,-139.759866087
4.67914438503e+29,8.31185453933e+15,5.47552922708e+16,8.52264474547e+14,27.903831251,95.8701306597,75.0562040386
4.67914438503e+29,4.82903237685e+16,3.68420764221e+16,5.27708659638e+16,-17.7538320741,-74.1365438475,-32.514315953
4.67914438503e+29,8.649823221e+15,-1.69921072927e+16,7.71026778988e+15,239.786418722,369.437225019,124.046720258
4.67914438503e+29,1.45854058786e+16,9.53787545709e+15,-1.076030814e+16,409.494227275,76.2011637977,-388.77418216
4.67914438503e+29,-6.53684359238e+16,-1.15467132658e+16,4.79237031471e+16,-195.283489003,67.5320323906,-221.19779773
4.67914438503e+29,2.25590800771e+17,-7.58326073079e+16,4.05635308982e+17,-113.356848701,47.2037330017,13.1214944459
4.67914438503e+29,-9.61276564549e+15,1.42749455061e+16,5.71394936032e+14,-784.733634084,-29.2828174501,48.9519007493
4.67914438503e+29,-3.6924246646e+16,-2.74645869716e+15,1.25595080219e+16,78.2054127777,233.737738791,75.6258608922
4.67914438503e+29,2.16003378289e+16,7.81042179212e+16,7.81129687254e+16,-134.294107606,-101.221898144,106.465229213
4.67914438503e+29,-1.94717924887e+16,7.767484859e+15,-8.15266923167e+15,100.689522094,109.182181926,-241.206619797
4.67914438503e+29,-3.90385266857e+16,-5.24948878985e+16,1.45124279e+16,-522.050722596,0.100035716216,93.9772917512
4.67914438503e+29,-2.05226344957e+16,1.09306316925e+17,1.93737952396e+16,-53.7725354198,115.431547621,-26.6697905936
4.67914438503e+29,-1.28980016153e+16,2.47484634239e+16,-8.67582755065e+15,459.239525456,75.7012582024,294.725822111
4.67914438503e+29,4.04936192967e+16,-2.58289002913e+16,-3.83621554553e+16,-69.2879568593,-234.730076998,57.3322426252
4.67914438503e+29,-6.92335099732e+15,-1.45297960633e+17,3.28236140987e+16,-87.9878172138,27.1380521025,13.4922966552
4.67914438503e+29,3.28785559945e+16,-9.20883642547e+16,1.1636343566e+16,-54.8250413843,234.009903961,157.805481727
4.67914438503e+29,3.10625558751e+17,3.69140946644e+16,-9.77278307376e+16,-105.830184938,66.6530313025,17.1738872526
4.67914438503e+29,-2.01054301029e+16,-2.30703858128e+16,7.42338086177e+15,156.357240515,-256.309719349,587.905252427
4.67914438503e+29,-9.81810855176e+16,-3.07447594444e+16,-5.74572496643e+16,-204.618150164,132.307037076,15.3252294532
4.67914438503e+29,1.19287058554e+16,6.36942504117e+16,4.1497744068e+16,26.7479207429,-93.5135041859,147.27185161
4.67914438503e+29,-5.98968440601e+16,-6.1434872074e+16,-3.56751992893e+16,-243.001369396,92.3319704788,-21.5298850026
4.67914438503e+29,3.37070045777e+16,-1.74400827772e+16,4.0109876999e+15,224.743100865,-32.5461828955,-376.53391392
4.67914438503e+29,-1.33445140554e+16,3.18524294285e+16,2.1359119015e+16,-506.730976112,335.830633532,285.026331225
4.67914438503e+29,-8.35549447756e+15,-3.83086430941e+15,2.66228916109e+15,-89.9620381902,-45.7337164245,225.125547726
4.67914438503e+29,-2.58314616208e+17,1.84689783586e+17,1.18019186175e+17,-95.1855142838,41.1310277631,16.2638377569
4.67914438503e+29,-2.12132005386e+16,-2.28059277627e+16,5.20791736691e+16,-50.0686502924,481.309473838,168.491773219
4.67914438503e+29,-8.63528941947e+16,1.20969065465e+17,1.43056413304e+16,-81.5513612365,25.4042092858,44.155467735
4.67914438503e+29,1.31947365709e+16,3.31247189621e+16,-6.0337414025e+16,-85.8719904941,-213.047246286,-210.727746205
4.67914438503e+29,-2.86443252373e+16,3.50501645117e+16,-8.81448186149e+15,-155.269233078,-8.3854035124,-217.920242085
4.67914438503e+29,3.96554716268e+16,8.38585262946e+16,-6.17622883184e+16,-141.680415459,90.2881366892,-130.735832846
4.67914438503e+29,1.54321382355e+16,6.25863832018e+16,1.84226224836e+16,130.378224655,-287.165666976,-107.610319824
4.67914438503e+29,-1.91301355264e+16,-2.5286785631e+16,1.17849302873e+16,-556.474285467,-79.0884059238,261.850974712
4.67914438503e+29,-1.19495661507e+16,5.74173630768e+15,-6.99819114204e+16,-144.376870835,95.5256393161,160.601520952
4.67914438503e+29,-6.20007368811e+16,2.91729506281e+16,7.81239808543e+16,-96.1329292277,54.5864491907,-181.727223779
4.67914438503e+29,9.57828662083e+15,1.97071489156e+16,-4.41224921736e+16,119.591024303,64.3992519504,-324.377937791
4.67914438503e+29,-3.51280805942e+16,-4.18018786989e+15,-2.49089167835e+16,108.294428525,-110.558447987,-628.029346254
4.67914438503e+29,-4.68229069405e+16,7.89001731183e+16,2.62399517542e+16,45.3931989711,100.309820088,-120.399402602
4.67914438503e+29,-8.11142994133e+15,-3.33796397375e+16,1.48685056063e+16,65.53416213,409.124735177,91.8261122091
4.67914438503e+29,5.67297380358e+15,4.04931606336e+16,-5.31548527347e+15,-90.4004852238,143.876385836,79.2963017085
4.67914438503e+29,-1.84419932291e+15,4.58432701356e+16,-3.69151508525e+15,-359.281385318,39.0372006857,-276.273092663
4.67914438503e+29,1.5338155838e+16,-2.84175917439e+16,-5.01040886591e+16,-240.900748541,284.987334626,-266.115284829
4.67914438503e+29,-2.57019105528e+16,-3.2389159527e+16,-1.5649793846e+16,-36.8851351552,-275.336630208,486.140770593
4.67914438503e+29,-4.20395562519e+15,-2.03042774407e+16,-4.47844411499e+16,-327.285844917,215.894927919,425.005250443
4.67914438503e+29,-5.32434227769e+15,-2.50287323618e+16,5.32431848124e+15,-55.3974613636,506.237608083,70.5381385127
4.67914438503e+29,-7.16440722958e+16,-9.59407425109e+15,5.69227251573e+16,-200.485469657,62.9182341253,-58.503413254
4.67914438503e+29,-1.03264483919e+16,4.47482559368e+16,-7.93330742954e+15,73.7850222443,-385.009919483,268.589749172
4.67914438503e+29,7.26415797161e+14,-5.34920838302e+16,2.03804780196e+16,-300.803960507,165.732933794,30.5855259603
4.67914438503e+29,1.77728202533e+16,1.01667272053e+17,5.0267964155e+16,-67.7094272162,110.893795217,-92.3205604159
4.67914438503e+29,-1.491539811e+17,-4.55921251612e+15,1.25694479035e+17,-65.8763378854,43.2187044027,-17.9813597464
4.67914438503e+29,3.50921358529e+16,-4.48328728715e+16,-5.54352336332e+16,52.1290402861,-37.8753601266,-79.4547651742
4.67914438503e+29,7.16077598617e+16,-2.43042556397e+16,-5.82804281447e+15,-10.6041052377,5.43370941753,9.76838634407
4.67914438503e+29,-1.78218331485e+16,-4.72716297655e+16,-2.22744513795e+16,-494.535173785,-29.1731341915,82.3740267162
4.67914438503e+29,2.31479197876e+16,-5.47086683217e+14,2.94046315436e+16,-279.135049247,-124.158599896,32.029507906
4.67914438503e+29,6.96176485746e+16,-7.2142276491e+16,-4.99393781346e+16,-144.695955066,-33.3861261627,141.313343644
4.67914438503e+29,9.08635506902e+16,3.77472124371e+15,-1.5450877134e+16,-227.697979186,95.5326855829,140.561184812
4.67914438503e+29,-3.7033167257e+16,-6.79080334053e+16,-1.01971366208e+16,-405.368663644,-60.1630044025,3.87103220783
4.67914438503e+29,4.98772946257e+16,-1.33266842402e+16,5.06337237179e+16,-204.23069323,295.756745361,-104.087608677
4.67914438503e+29,-9.94969622932e+16,8.95181455102e+16,4.13556605225e+16,-166.397372325,50.8494607769,82.016543183
4.67914438503e+29,6.15668956846e+16,-1.11278056098e+17,-4.42619490838e+15,-14.0172991955,180.349585279,71.9935146333
4.67914438503e+29,-2.25559930409e+17,-4.29040922124e+16,-4.33404761127e+17,-104.331429044,43.3858866837,5.247033361
4.67914438503e+29,-9.25646995996e+15,1.45257246333e+17,4.52754188425e+16,-50.8346489703,55.2357268143,47.3397934136
4.67914438503e+29,-1.47225148934e+17,3.84549866434e+16,1.28811337307e+16,-71.1859006377,22.1122504147,66.0901272477
4.67914438503e+29,4.90438062015e+17,3.81014263628e+17,-1.84753591009e+17,-111.238889282,52.7254050474,14.9810578053
4.67914438503e+29,-1.19514441068e+18,1.15702692784e+18,1.65199032302e+17,-113.38960167,53.0685361695,6.29499942354
4.67914438503e+29,6.32079522714e+16,8.76904437042e+14,7.66723551937e+16,28.5261849916,239.695996138,172.770371504
4.67914438503e+29,-1.28385024943e+14,-4.82788693346e+16,-4.40106187815e+16,-254.82655476,-269.488473919,-147.463463513
4.67914438503e+29,-8.20611261324e+16,7.62858982301e+16,-2.30615718767e+16,-157.537077664,-11.4053925832,-25.5028346581
4.67914438503e+29,2.72920204777e+16,-4.15247127557e+16,-1.59996753848e+15,-274.946270045,138.958818439,176.176552828
4.67914438503e+29,-8.71964393078e+16,-4.05527360918e+16,9.25471466608e+16,-112.331238635,105.555967526,6.27051465993
4.67914438503e+29,8.51790549633e+16,4.17148159237e+16,3.9410286139e+16,-151.34923331,111.024950574,20.8286714996
4.67914438503e+29,-3.65109211955e+16,-4.98035590725e+15,6.87138166002e+16,-366.702055468,310.779991351,58.7204812037
4.67914438503e+29,-5.64193200893e+16,6.03985720743e+16,-8.43498766498e+15,31.4562270834,-123.806583583,-10.1048990625
4.67914438503e+29,1.52215126613e+16,1.90711267403e+16,7.02438213733e+16,-188.553592487,174.379816828,83.8527623798
4.67914438503e+29,4.96560296473e+16,-8.70284854486e+16,5.31068107919e+16,-184.515973375,29.9871030174,-188.967688141
4.67914438503e+29,-3.36041020926e+16,2.36440210566e+16,-5.58011487122e+15,-179.190095291,-220.147445441,-23.6954785599
4.67914438503e+29,1.17363834203e+16,6.58808003229e+15,1.61728683525e+15,-342.317087528,-75.9308306043,-373.868817718
4.67914438503e+29,-1.16565671406e+16,3.16555112626e+16,-4.69106271956e+16,-255.605917432,196.859796916,129.367855369
4.67914438503e+29,-3.11539062298e+16,7.3409285786e+16,-1.5338155119e+17,-126.135379439,68.6598894251,111.880822683
4.67914438503e+29,2.97183602175e+16,2.65533887063e+15,9.4804053326e+14,-220.516303221,457.797817986,136.079281261
4.67914438503e+29,1.02077747484e+17,-1.25587395465e+17,-3.04686874662e+16,-115.145186036,43.0719101349,86.0668465802
4.67914438503e+29,3.72603329322e+16,-3.04806783753e+16,6.37015346735e+15,214.078407186,81.1157558817,124.362991907
4.67914438503e+29,1.44254048498e+17,-8.48883065408e+16,-1.88348922079e+16,-149.517667991,72.2733237251,15.0375908887
4.67914438503e+29,-1.24829962475e+17,-1.64050058443e+16,7.37318197353e+16,-102.11170253,-8.6328261673,56.7357339383
4.67914438503e+29,1.89698372118e+16,-3.83226331585e+16,2.47073832475e+16,-426.322804263,-377.36883764,114.397304075
4.67914438503e+29,4.73541005162e+16,4.98164277156e+16,-6.78393613158e+16,-45.7783212009,-9.5256456598,6.90455238614
4.67914438503e+29,-6.29130925174e+16,-4.32854770513e+16,-4.83914928284e+16,65.0397434062,142.858159541,-36.6306466096
4.67914438503e+29,-1.19567674294e+16,1.86786050176e+16,-2.33846227679e+16,-310.946482461,-479.992774592,-99.2785213591
4.67914438503e+29,-3.5171770459e+16,9.69184703555e+16,4.39340196473e+16,-152.715559732,212.601398532,32.2141940716
4.67914438503e+29,1.09512669278e+16,9.20938504223e+15,3.73207876036e+15,-896.351523303,-89.458528285,-138.950620954
4.67914438503e+29,1.99602606598e+15,-1.89666680888e+16,3.04644926313e+16,-190.509828261,164.788889056,-13.7501689122
4.67914438503e+29,4.16341580776e+16,-1.71653141105e+16,6.16341570834e+16,-143.943179346,-14.192940521,97.3226005002
4.67914438503e+29,2.22878523227e+16,-3.43967845063e+16,1.28174884138e+17,-222.66742533,41.7812861719,11.9612694646
4.67914438503e+29,4.84202022039e+16,-1.22699048779e+17,-1.07280125296e+17,-37.8558048978,25.9828612533,-16.4243789791
4.67914438503e+29,-8.74934886917e+16,-8.54758883656e+16,1.33894633111e+17,-51.643300319,31.0613573293,66.6554015886
4.67914438503e+29,1.57243574772e+17,-9.58228945069e+17,2.31212702599e+15,-113.078589036,52.0886218814,4.9437641181
4.67914438503e+29,-1.42850436793e+16,-1.25020417798e+17,2.29288179651e+16,-47.0951073408,140.224549064,-122.990069158
4.67914438503e+29,3.55435753237e+16,-8.03413065055e+16,-1.96429567295e+16,17.7395822594,116.071144258,-85.9034756976
4.67914438503e+29,-1.41232888306e+16,-2.97063390204e+16,1.8589023996e+16,-113.647264985,-42.2776930017,365.531192823
4.67914438503e+29,8.48987304907e+16,-2.97214610715e+16,-5.57219582733e+14,22.724233134,56.3554517769,30.3189989054
4.67914438503e+29,-6.65807345181e+16,-1.33163661288e+16,1.05680907332e+17,-38.7076646585,-42.8022778966,-44.755303002
4.67914438503e+29,7.65419886604e+16,1.72712663038e+15,-1.36465824896e+17,-115.645426734,96.0415920154,-39.911776569
4.67914438503e+29,2.11779252038e+16,-4.28437679212e+15,4.49564886457e+16,3.35861360951,197.445970715,-76.4558632038
4.67914438503e+29,4.98717449933e+16,1.51227900195e+17,1.27080596793e+16,-59.0853492771,67.7273563841,-57.5374460931
4.67914438503e+29,3.49521498639e+16,7.02545265601e+16,-2.54763941219e+16,-76.7196218737,223.519116451,-103.386000584
4.67914438503e+29,-5.18366600848e+16,-6.44571662783e+16,-8.24273415214e+16,10.9059825838,48.9362842979,105.920410375
4.67914438503e+29,2.36318925557e+16,4.88883679323e+15,-5.91180574607e+16,33.5639546059,207.405560206,112.725144053
4.67914438503e+29,-4.05924529182e+16,-2.49115521107e+16,-2.20218690213e+16,-171.586851972,-4.15819989968,-220.628973967
4.67914438503e+29,1.03901129503e+17,8.13544340849e+16,-1.86288792441e+17,-71.1055499376,80.0795829315,19.590760827
4.67914438503e+29,5.90394438141e+16,1.45658446779e+16,-1.07828511809e+17,-97.9871977829,59.9363996344,169.495382731
4.67914438503e+29,-6.05422163868e+16,3.5477538876e+15,-6.39863240621e+16,40.9148234684,54.9041887225,138.219814507
4.67914438503e+29,-6.33616021244e+17,5.38118211229e+17,-1.31944343005e+18,-112.852622517,52.60478712,6.9775576667
4.67914438503e+29,4.49987590638e+15,-3.00559441354e+16,-1.8145923005e+16,-127.989651474,-492.570870971,-287.826540342
4.67914438503e+29,-5.09252627835e+17,-2.92084972706e+17,2.84231789632e+17,-110.126467332,54.1463917698,8.16098446007
4.67914438503e+29,1.12616928744e+17,-3.46321447652e+17,-3.41267626187e+17,-116.45426205,45.1285592852,7.11810453463
4.67914438503e+29,1.05883396634e+17,8.38787888588e+16,-1.79914779616e+16,-180.314198981,37.8894476237,91.5783340215
4.67914438503e+29,-1.1526042129e+16,-4.67856242218e+16,-1.50030481179e+16,-267.057587392,197.58169867,-367.569025097
4.67914438503e+29,-3.59234972894e+16,4.15029090132e+15,6.6656989494e+16,228.664986667,-5.17966196439,132.53200607
4.67914438503e+29,3.0290410936e+16,-8.74036826462e+16,-3.87586193951e+16,-205.730958749,88.5575716745,17.2140659054
4.67914438503e+29,7.18688767565e+15,-1.71380990646e+16,-1.1234904645e+16,-197.014622,536.082274638,-5.96709721932
4.67914438503e+29,-2.91005646945e+15,1.07143234592e+16,-5.64075223777e+16,-10.6894691493,-9.3414951949,-24.7297947176
4.67914438503e+29,-1.36713234895e+16,8.39915127673e+15,-1.96975493252e+16,-309.81319963,-321.115700476,250.325284375
4.67914438503e+29,1.10863435431e+17,-1.89540039028e+16,1.55663197068e+16,-89.8422379707,106.423027387,71.9066696531
4.67914438503e+29,-6.02529747241e+16,2.80201603752e+16,2.20870465446e+16,-80.1378766977,16.0914369316,369.461092278
4.67914438503e+29,1.64248375906e+15,-1.84954525626e+16,5.41208277256e+16,-120.748429175,-55.9848776359,-6.01771214723
4.67914438503e+29,4.04289342028e+16,1.85707417309e+16,3.28847590632e+16,-63.9597794743,-102.34722987,176.125269681
4.67914438503e+29,3.49532479395e+16,-2.65078276357e+16,-5.0602725861e+15,-403.331918455,50.4638519915,114.636480204
