4e+32,2.64743909715e+15,-1.90675866371e+15,-6.18714993376e+15,-4.16002713894,7.73485002766,-121.551765916
9.35828877005e+29,-2.315922947e+17,1.14203097868e+17,1.38804070275e+16,-27.2772715463,-17.3178183605,147.147215495
9.35828877005e+29,3.82149220107e+16,-1.03366851125e+16,2.03703223013e+16,-37.0155962835,43.4954899829,73.0805988794
9.35828877005e+29,-2.26112915973e+16,-9.69692672249e+16,-1.37892811684e+17,-52.7415717422,-81.4585066026,176.377791428
9.35828877005e+29,4.26665733085e+14,-2.95633568805e+15,1.06456910324e+16,306.649282121,-241.197584631,228.227411627
9.35828877005e+29,-5.94127863432e+16,-1.5820172266e+16,1.87398802362e+16,94.0291542313,-111.795493148,203.572074838
9.35828877005e+29,-1.71002048436e+16,2.48363827255e+16,-3.22571220282e+16,280.921009617,-146.542623705,459.719703401
9.35828877005e+29,2.13835956918e+16,-4.74145601106e+16,5.7538093146e+15,456.9679137,-431.80133349,197.369995684
9.35828877005e+29,3.60008259935e+16,4.02211234228e+16,-1.40423400583e+16,197.106510397,155.938468597,117.673786512
9.35828877005e+29,-1.5746773117e+16,2.33022350033e+16,-4.26057021932e+15,-83.0841603321,-41.0818078373,515.33890633
9.35828877005e+29,-1.05812808297e+14,-1.39004743584e+16,4.89621499519e+16,330.512326703,-23.7419334618,80.2358411981
9.35828877005e+29,-2.32581002704e+16,-1.20749850351e+16,-4.33134369732e+16,67.2453116171,-238.447909079,265.493759193
9.35828877005e+29,-4.46614507131e+16,5.562803932e+16,9.80554147855e+16,89.3954199268,-22.5635014506,102.412814081
9.35828877005e+29,2.11733965264e+17,2.09251889369e+17,-6.34023959371e+16,15.2348597192,-16.6627933421,162.810626604
9.35828877005e+29,3.93081707693e+16,-1.29044246997e+16,2.63640468591e+16,199.766644047,-108.909070471,152.11036353
9.35828877005e+29,4.30612983918e+16,7.6466347167e+16,-1.36300151355e+17,16.6823810451,-23.919690097,69.254573137
9.35828877005e+29,2.45004340335e+16,3.11919687351e+16,-1.34355410873e+16,-469.313871396,-210.766846936,132.046225366
9.35828877005e+29,3.98935020127e+16,6.93586802141e+15,1.63336876563e+15,231.067407814,-92.8575723971,-108.440276649
9.35828877005e+29,-6.26428130177e+16,2.67822524553e+16,-4.74140158646e+16,-85.9539308825,-16.8697985552,309.134522644
9.35828877005e+29,1.77440638486e+17,-4.74495634877e+16,-4.29587961598e+16,-15.2674954001,33.8693657819,122.671051651
9.35828877005e+29,6.19972095209e+15,-1.42480932919e+16,-2.64135394924e+16,359.789605137,-146.898655407,-406.715293108
9.35828877005e+29,-2.38055913547e+16,-2.74372086095e+17,-2.95661850187e+17,2.10799284944,-20.521554747,109.840746997
9.35828877005e+29,-1.22319839362e+16,6.25785085545e+16,-8.24481512127e+16,-95.2790878048,-88.7721044465,199.584919063
9.35828877005e+29,-4.34411694347e+15,-3.44949359265e+16,-7.29363003533e+15,5.67870519763,702.497649846,420.299378247
9.35828877005e+29,-1.19992129963e+16,9.84568746516e+15,8.04987585587e+16,-128.747224073,-144.558898224,224.180994932
9.35828877005e+29,4.25912512797e+15,-2.03826717905e+15,2.67221424112e+16,-128.841638465,389.354676852,274.853126105
9.35828877005e+29,-4.6073316392e+16,4.39251560152e+16,-2.08165747971e+16,13.3922175741,246.590754671,-74.6607853386
9.35828877005e+29,2.82937469838e+16,-1.28654547197e+13,-2.20499913725e+16,-475.252641081,-475.169190096,155.383224094
9.35828877005e+29,4.98944619607e+16,1.81252549357e+16,-2.29124208378e+16,-113.039282699,-112.647277079,-15.5431058882
9.35828877005e+29,-1.95449234546e+16,5.37836345952e+16,-1.25708796737e+16,176.461968056,-9.3204718933,-29.4300311656
9.35828877005e+29,2.7270767685e+16,-4.5140690434e+16,-1.59411289323e+15,-212.111071745,136.531425857,109.979052076
9.35828877005e+29,1.1217815007e+17,-2.35965858029e+16,-4.28230115332e+16,-127.670059096,-33.5253535456,67.0769461317
9.35828877005e+29,3.38612185816e+16,-5.54064268492e+16,1.0781055901e+16,89.6658418847,41.7508768444,139.051856629
9.35828877005e+29,-1.82202943215e+16,-4.44337601709e+15,-5.39777878442e+16,-315.268375622,205.99455676,247.371381948
9.35828877005e+29,5.02016024997e+16,-8.89811236292e+15,-1.02889441747e+15,31.3335238574,-321.282950194,242.636305903
9.35828877005e+29,-8.92505061932e+16,7.01031583329e+15,-1.82905750222e+16,-182.9115063,6.68330644295,15.8675903525
9.35828877005e+29,-1.41154881508e+16,-4.83954082141e+15,-1.25020549347e+16,279.931955122,-73.3757345807,-441.717271234
9.35828877005e+29,4.70502819283e+16,1.1771805617e+17,1.24403600784e+17,28.1589261511,40.3207844411,138.438418247
9.35828877005e+29,-4.47276567886e+16,5.46829035829e+16,-2.24211797909e+16,-245.738162218,142.03574115,280.980612592
9.35828877005e+29,1.28590252344e+16,3.67672056799e+15,-7.74268693523e+16,-140.240749131,1.61692017185,132.590964283
9.35828877005e+29,2.90463098606e+16,3.45462153616e+16,-8.94290349013e+16,-14.9695888156,113.298131114,105.818605679
9.35828877005e+29,-5.37176142034e+16,9.63174286069e+16,1.93749364269e+16,-53.7338338666,-67.201766218,33.6361644616
9.35828877005e+29,-5.85355511799e+16,7.5790385116e+16,-2.57867519586e+16,151.369817943,-9.13874942214,166.048424338
9.35828877005e+29,-5.22428959435e+16,-9.82294845702e+15,-4.80348239598e+16,203.434802541,-170.530931689,-72.8364839349
9.35828877005e+29,-7.46035253278e+16,-1.07841164186e+17,1.50572646306e+17,38.419738079,57.3329113892,144.148169159
9.35828877005e+29,-2.89752641816e+15,-1.34226057655e+16,-1.43800553337e+15,75.2626054585,-320.687040428,451.515639803
9.35828877005e+29,1.48594896575e+17,-2.02310143987e+17,4.44086222967e+17,0.509291622779,-9.09293667583,129.961988566
9.35828877005e+29,-1.51035129032e+16,1.44101871948e+16,-1.38201664225e+16,-492.595870121,43.4936804758,691.526365025
9.35828877005e+29,-2.40332977993e+16,-4.7633413336e+16,1.52193398641e+16,-42.7469285521,-231.982958904,364.519683205
9.35828877005e+29,-6.19469238795e+16,-9.93657380323e+15,-9.17506503097e+16,-2.25785115734,2.8893581315,106.613274271
9.35828877005e+29,-1.45486115251e+17,1.90781120863e+16,6.59134810763e+16,-62.1596180107,-50.7997132347,85.2448506074
9.35828877005e+29,-2.75495976496e+16,1.9949357925e+16,6.27410023026e+16,138.519306517,141.544263586,-107.116278469
9.35828877005e+29,4.80321509929e+16,8.66543153661e+16,-1.76115251798e+16,-176.752809795,-111.255813283,226.015321466
9.35828877005e+29,-1.14582246592e+17,-1.02885929858e+16,-2.93672076773e+16,-106.570918192,-145.687439393,149.67071355
9.35828877005e+29,3.56981715279e+16,-8.93685555689e+16,1.98480334578e+15,-130.296107703,-43.8931850403,54.2706989866
9.35828877005e+29,-1.40744499914e+16,7.39683580951e+15,-1.04250485967e+16,138.246896589,-159.911111302,45.3230544469
9.35828877005e+29,-2.70332731738e+17,1.49128621546e+17,-1.76264670854e+17,-7.25200113236,7.45666631313,144.682347055
9.35828877005e+29,-8.78968372372e+16,1.56717960991e+16,6.05918254021e+16,-9.10363553869,38.7876068156,85.0193746258
9.35828877005e+29,2.35644611268e+16,3.46372894686e+16,-1.22589530324e+15,213.722271736,352.877082268,92.3142008737
9.35828877005e+29,3.02673641392e+16,-2.06999120396e+16,2.65259966723e+16,172.316182746,-287.863827393,147.309048786
9.35828877005e+29,1.42742989752e+16,-3.52564771447e+16,3.99109009869e+16,-6.62462120476,126.525330261,-75.1857533473
9.35828877005e+29,4.8089369546e+16,-4.53775420743e+16,-1.5756296497e+16,255.01322785,205.514429032,91.1230763841
9.35828877005e+29,1.74083401893e+16,1.60558193978e+16,2.5573497058e+16,-388.517608148,93.3530864242,221.405583563
9.35828877005e+29,-3.25120794755e+16,7.35441489851e+16,-2.71880104329e+16,-176.113810248,-88.1899411343,206.618862138
9.35828877005e+29,-2.37603322763e+16,6.7038356539e+16,1.09201241968e+16,67.2218906361,-164.819188612,191.351025951
9.35828877005e+29,2.32742700827e+15,-3.30710121896e+16,-9.49888912957e+15,131.487722915,-493.732945622,448.937204988
9.35828877005e+29,-1.73097178869e+16,-4.16774770993e+15,-2.57355053926e+16,285.510728708,-7.52657848019,72.8307775862
9.35828877005e+29,1.19941025924e+16,9.26565894389e+16,-8.61145243445e+15,180.182557822,-63.0453453882,144.319467863
9.35828877005e+29,-4.11785517208e+16,-4.06221803873e+16,8.38299777078e+16,69.4994159073,-156.534297464,90.4956946249
9.35828877005e+29,7.451907252e+16,6.3818788362e+16,-5.82318679925e+15,69.2325927242,-128.687153161,232.882522539
9.35828877005e+29,-1.72537144294e+17,-2.00463323344e+16,-1.27409269104e+17,-21.8637552419,-16.8560289302,141.233992032
9.35828877005e+29,-4.07256340716e+15,-5.58627888502e+15,1.14076740023e+16,397.048565352,369.031200718,96.609239176
9.35828877005e+29,1.86814173347e+17,-4.37537138275e+16,-4.97872217559e+14,-15.0871489069,32.4617942741,144.107562937
9.35828877005e+29,3.86872817665e+16,3.55298831124e+16,-1.10627960879e+17,7.42722490202,-14.0589454802,134.592882793
9.35828877005e+29,3.28321426521e+15,8.81197998475e+15,-1.63020897157e+16,-318.883054952,279.030507768,168.363345569
9.35828877005e+29,6.97745523079e+15,-1.80166327019e+14,-5.37131215025e+15,-333.530955008,-767.847720656,362.185279734
9.35828877005e+29,5.66068429627e+16,8.91428012797e+15,2.3587405088e+16,5.77997121301,-299.430775778,463.372074755
9.35828877005e+29,-1.59553323516e+16,7.72035453403e+16,1.06679322288e+16,-113.286525684,8.50462787753,87.9022631615
9.35828877005e+29,1.40803067764e+17,4.31996614799e+15,1.88208043383e+16,53.1557070581,-47.6011435817,134.227127973
9.35828877005e+29,5.88773501222e+15,4.24365701749e+16,4.6242622371e+16,21.2261593751,169.760431174,136.858845708
9.35828877005e+29,1.98074898116e+17,-2.98070659963e+17,-5.85605776162e+17,-1.8563813822,-2.50741363633,133.678946654
9.35828877005e+29,1.02812859589e+16,4.04024275894e+16,1.19147786982e+16,37.0889898539,239.061910178,497.882905582
9.35828877005e+29,-1.50827331422e+17,1.25206942131e+16,-3.1542605385e+16,8.28407442348,-30.1698629251,162.743036827
9.35828877005e+29,1.21279729728e+17,-2.86909455235e+16,-1.29634865748e+16,-34.8005506484,-83.7809191866,143.466682853
9.35828877005e+29,-1.62026806785e+16,-7.21792288379e+16,-9.82530060301e+15,72.1799205277,-49.281769949,158.373287455
9.35828877005e+29,-4.84871920132e+16,-8.07970754778e+16,-1.41920562475e+16,-32.1975433389,-5.32220204289,16.560486664
9.35828877005e+29,3.10306265697e+16,-8.55545947206e+15,-2.77445310043e+16,554.877155185,19.1110263325,195.100371831
9.35828877005e+29,1.0453643364e+17,5.74663610512e+16,-2.00242724269e+17,0.0308706894942,10.6826021393,137.500316848
9.35828877005e+29,9.6118708556e+16,-5.19192724611e+16,8.80462252201e+15,-71.3150614767,-53.1388656583,153.034113654
9.35828877005e+29,5.322868736e+15,-5.94065856104e+15,1.96390406799e+16,392.519532564,297.57054826,757.726562884
9.35828877005e+29,-3.46617845756e+16,-1.62949917745e+16,-1.83685169663e+16,-305.590711463,-474.313118433,-105.925393812
9.35828877005e+29,-7.11125093499e+16,4.85256067197e+16,-4.28800595979e+16,262.581702898,64.8012825362,82.5743139892
9.35828877005e+29,-4.07848108199e+16,-2.59816191132e+16,-7.92949259217e+16,-32.2328639483,-185.904208042,241.303914622
9.35828877005e+29,-1.23020735621e+16,3.29094746885e+16,1.28734658582e+16,-527.410147609,422.623100024,237.045812069
9.35828877005e+29,-5.41993759798e+16,-5.7223632338e+16,-1.10089777854e+17,4.20380469409,53.1350524045,256.369117544
9.35828877005e+29,-7.5624304383e+15,1.27738413003e+16,-3.633479935e+14,683.243833245,100.758025942,216.104907696
9.35828877005e+29,4.80191687875e+16,-1.0619719145e+17,-1.4206120723e+16,-112.783290121,-6.95261778967,70.8017720179
9.35828877005e+29,2.17891817014e+16,1.64782963115e+16,-1.70354437329e+16,-29.0616978142,280.444091225,395.860692238
9.35828877005e+29,-9.45894789579e+16,1.39958490483e+17,-5.20667919231e+16,81.3692528944,-14.9793212937,161.353401869
9.35828877005e+29,-1.24302591206e+16,4.68637100032e+15,6.64404068913e+16,185.133040566,-107.056561172,190.128261616
9.35828877005e+29,-9.25058113528e+14,-3.24945195519e+16,-6.29933304092e+15,-160.636518603,-340.709763831,203.103104254
9.35828877005e+29,-1.33846612483e+17,3.22086358628e+17,-1.50017147523e+17,-4.66600308277,-1.42955473434,140.514647908
9.35828877005e+29,-3.95616593046e+16,-1.18635920651e+16,-1.89941803935e+16,205.236215919,53.4314358544,-66.5647373121
9.35828877005e+29,-1.20587079461e+16,-8.75287196823e+16,1.78593078341e+16,79.2358406986,144.919870861,192.207094251
9.35828877005e+29,-1.15226440163e+17,1.19772262774e+17,2.40951850561e+17,29.0719393425,-12.1670706833,142.65915325
9.35828877005e+29,-5.72450727581e+16,2.05127291281e+16,3.53156400863e+16,-117.583959219,51.9333173704,-5.82991421082
9.35828877005e+29,-7.14721051978e+15,7.39766502998e+16,4.50453054385e+16,7.07440658118,-135.916738085,174.660833562
9.35828877005e+29,4.43445923195e+16,1.12616555098e+17,1.22698993182e+17,-0.147202305505,-0.772465910423,134.45835109
9.35828877005e+29,-2.74531213675e+16,4.91161758931e+16,-8.85426580246e+16,-183.973375981,-15.4413812628,-47.9073170148
9.35828877005e+29,-8.93371875439e+15,-1.92895037604e+16,-2.34409115172e+16,386.358426007,172.319829232,157.874349856
9.35828877005e+29,2.93457179832e+17,1.84069589386e+17,2.57275061885e+17,-2.9413149045,-13.0692143274,133.341913859
9.35828877005e+29,1.92655566978e+16,3.91699783647e+16,2.73154526648e+15,-55.432690228,-303.840742441,-332.103188578
9.35828877005e+29,1.09981388156e+17,2.04276415093e+17,-1.41999057076e+17,-6.09920301744,-3.08052021518,114.752162273
9.35828877005e+29,-1.75961798174e+16,1.24518641298e+17,-7.50375617741e+16,118.609872512,-49.7881632541,178.92134369
9.35828877005e+29,1.36976677376e+17,-2.17761923791e+17,-3.42007205075e+16,15.929371132,-14.0789284088,121.410204872
9.35828877005e+29,7.58065606741e+16,-1.32695687541e+16,-8.60220286849e+16,-71.5989281274,-13.0001596534,110.234244955
9.35828877005e+29,3.82135901147e+16,-1.65854798861e+16,-2.32051483955e+17,14.7085251511,-13.0962161328,135.772341836
9.35828877005e+29,4.48133285328e+16,5.45322646453e+16,-2.657785662e+16,101.515705189,-147.009484622,-74.3115351026
9.35828877005e+29,2.58664626223e+15,-3.02950638191e+16,1.69269237937e+15,113.612888368,-520.601907924,-322.548249064
9.35828877005e+29,1.84504999767e+17,1.09859259092e+17,5.70638585044e+18,-0.351232522506,-6.41501245462,133.067215677
9.35828877005e+29,1.38700144971e+17,3.0179311273e+16,1.74279117453e+17,22.8397242566,-7.47088708216,133.527218605
9.35828877005e+29,-2.08347244872e+16,1.24586762056e+16,-4.47457025161e+16,331.429203532,-26.0907919897,-29.8705522668
9.35828877005e+29,-3.30024703423e+15,1.10130471784e+17,-1.22926324744e+17,111.378332928,7.20004874568,140.317715025
9.35828877005e+29,1.34863009862e+17,6.84756600728e+16,2.06188036017e+16,-128.028464322,12.8044311302,74.7856752243
9.35828877005e+29,7.41850859971e+16,-6.66986809602e+16,-1.28880023269e+16,34.8466812557,84.9702481428,138.486099036
9.35828877005e+29,-1.81362270951e+16,3.55759397787e+16,1.96759181437e+16,160.882917715,40.6288613618,-5.83778489422
9.35828877005e+29,4.9850390128e+16,6.54713101891e+16,7.16935087841e+16,-25.0120319908,94.3566579285,182.480965357
9.35828877005e+29,-8.93878722848e+16,-6.1991698408e+15,5.65924423014e+16,18.0238291084,-65.6578542677,59.867677601
9.35828877005e+29,-7.14804161151e+15,1.73516845354e+16,-3.21281399778e+16,157.176558149,-340.478640101,-7.8243204005
9.35828877005e+29,-4.26892574201e+16,-1.27558207869e+17,5.00219598095e+15,99.9915909626,-11.0041207557,96.8039941237
9.35828877005e+29,-7.18371615172e+16,1.59717217102e+17,4.86307091854e+15,39.5559996877,35.7516267701,136.558025144
9.35828877005e+29,-9.64269678559e+15,-2.18955359037e+16,2.6247581007e+16,-370.413620907,-19.9887416659,-168.1440498
9.35828877005e+29,1.37582923368e+17,-3.08428009772e+16,3.86819092282e+16,-33.5657568398,55.3500576976,89.7321845939
9.35828877005e+29,5.02677537366e+16,-1.41325811862e+16,-1.79569003707e+16,-139.914656316,-59.7756742293,-7.52635267434
9.35828877005e+29,-1.78595510457e+15,-1.17137352183e+16,6.392891466e+16,-384.903578675,55.5852362201,164.632545742
9.35828877005e+29,2.84029963229e+16,-2.10773081596e+16,1.49753234351e+15,524.379616903,-280.784772951,92.2362012497
9.35828877005e+29,2.97868869783e+17,-3.01951701269e+17,7.39162128358e+16,5.4697131827,-8.85685212202,138.903414541
9.35828877005e+29,-5.79183415342e+16,-1.28208427675e+17,-4.04424648549e+16,-92.3540490868,105.993846996,175.014058273
9.35828877005e+29,1.08823800818e+16,-2.55172637597e+16,-4.85970424415e+16,147.122947139,2.26190126903,380.41387792
9.35828877005e+29,1.02125768273e+17,-3.03526075697e+16,1.14513312475e+16,51.4706422208,-131.174093866,209.543832966
9.35828877005e+29,3.06730071301e+16,-9.47068589704e+15,3.01489681153e+16,135.135781141,419.176644449,328.694258351
9.35828877005e+29,-6.39408475458e+16,-6.63605272116e+16,-2.19033698639e+16,-113.42289188,-132.948727285,137.862676907
9.35828877005e+29,-2.32639241778e+16,4.49021493722e+16,-9.52890500649e+16,-111.790361897,-158.75501426,163.935058192
9.35828877005e+29,5.01797499405e+16,9.18353931905e+16,7.92793443044e+16,90.934263299,-88.8374203029,48.2955926096
9.35828877005e+29,-3.67554829502e+16,1.69147718298e+16,-4.07292349709e+16,186.948573893,-278.184261763,278.063230066
9.35828877005e+29,5.429481232e+15,3.36812103146e+16,2.93056630462e+16,51.4821300026,-89.1071434422,313.245020926
9.35828877005e+29,3.29659258434e+16,4.67168122958e+16,-1.03175123621e+17,-26.8848097605,-63.6036226982,160.879652603
9.35828877005e+29,-1.03164211168e+16,-2.00917162575e+16,5.11929832168e+16,-98.8056844349,-325.091518221,122.514916568
9.35828877005e+29,7.689766664e+15,1.06023190435e+15,-1.24177038436e+16,335.681389203,-183.03476743,200.234486183
9.35828877005e+29,2.11737623408e+16,-6.80316664709e+15,-3.36218469343e+16,364.356894197,-131.401101364,295.84441408
9.35828877005e+29,-1.09604273058e+17,6.77341158508e+16,1.84146712414e+15,30.1323500784,4.47226601055,210.421538069
9.35828877005e+29,1.78477952978e+16,-8.29251341031e+15,3.01220078362e+16,-117.729711671,175.912254132,-241.602323102
9.35828877005e+29,3.20300039601e+16,-1.87791718071e+17,-5.0326654667e+16,-53.5949433408,-22.6199663557,118.270442225
9.35828877005e+29,-1.98683915273e+15,-2.90344118014e+16,-2.40074608597e+16,-12.2138717059,-173.78912097,-292.974795773
9.35828877005e+29,-6.52517668961e+16,1.81705792707e+17,-2.11332705252e+17,8.38573457671,-6.12422753811,155.849234641
9.35828877005e+29,-5.04246221083e+17,-8.86368983011e+16,2.19043045575e+16,-4.65016956582,-12.4447103795,130.047802919
9.35828877005e+29,-1.49723676455e+17,8.44232255105e+16,-9.42807782976e+16,9.86835381387,-3.47155879684,154.317512425
9.35828877005e+29,-5.23786082368e+16,8.98308774349e+16,6.47770742277e+16,-21.5061276364,76.9054641348,229.031906418
9.35828877005e+29,-6.43902599536e+15,-8.45803630536e+16,-8.2387015985e+16,83.0778312289,131.342385096,191.270243799
9.35828877005e+29,-2.99128436754e+16,-3.32536037311e+16,2.69942940383e+16,415.181827034,24.0883044858,180.482282594
9.35828877005e+29,-9.87423998753e+17,-7.62306604075e+17,4.80655942479e+17,-1.04719938257,-5.07707015778,132.783567119
9.35828877005e+29,-2.65617588401e+16,3.34691393542e+15,-1.69327188495e+16,77.6827906355,-466.121098495,-270.357314496
9.35828877005e+29,8.4378000801e+16,9.47678839578e+16,-1.0796768584e+17,-89.4460339374,-12.0498493329,148.186668547
9.35828877005e+29,-4.87190913539e+16,3.74419196444e+16,-2.86892481785e+16,-168.448240482,-90.891726008,-195.142160613
9.35828877005e+29,-3.9800349124e+16,5.54260400292e+16,-9.6266229426e+15,-117.041100173,-26.4453124304,394.509289599
9.35828877005e+29,6.62765333544e+15,2.4464101414e+15,2.25024093574e+16,381.771821163,263.177302132,260.253629439
9.35828877005e+29,-1.2250777598e+18,-7.39488889122e+16,3.05639676097e+16,-1.00082846779,-7.49963199502,133.639104643
9.35828877005e+29,-1.81784877488e+16,2.50581804538e+15,-1.97809737701e+16,-184.374496653,-325.357178452,-3.17313391944
9.35828877005e+29,-2.16465557129e+16,-9.03704540086e+15,2.98049075154e+16,190.509979563,-334.667460037,111.364941552
9.35828877005e+29,3.69315374756e+16,-9.6310391954e+15,3.46680686564e+16,-122.553146418,-71.8827942871,-208.744642764
9.35828877005e+29,7.7750533593e+15,-4.5108229192e+14,-5.45625365771e+16,-103.424010429,-241.563554468,86.6195577569
9.35828877005e+29,1.07437715026e+17,3.29048226104e+16,-3.94739044279e+16,17.4015478732,51.4035591864,-42.5076001158
9.35828877005e+29,-2.06220480516e+16,-2.40484977056e+16,1.44998496266e+15,140.156611674,307.790982375,463.051979499
9.35828877005e+29,-6.30073165581e+16,-1.77262707477e+17,4.47170068223e+16,-13.0530174214,-11.5767439771,168.193170737
9.35828877005e+29,-1.09853513934e+16,5.98514532922e+16,-1.07307586142e+17,-37.7250591313,-1.51528036799,240.394585899
9.35828877005e+29,7.48178401363e+14,1.5170400867e+16,1.29637400107e+16,-13.0235704593,-7.80860079073,576.219341985
9.35828877005e+29,7.30419908697e+16,5.05314090911e+16,-4.35264787695e+16,-39.3643714513,-76.5421191994,165.014707287
9.35828877005e+29,-5.90274274335e+16,1.18752977161e+16,-9.24227012453e+16,34.223265861,-33.923635204,-96.6341568075
9.35828877005e+29,6.56750598412e+16,-2.43586574367e+15,-3.59482107674e+16,388.470339316,163.529517897,-61.2030046068
9.35828877005e+29,1.23296697891e+15,4.38169935342e+16,2.49396176851e+16,-220.875772321,-169.834905556,118.189177977
9.35828877005e+29,1.51467278311e+16,-5.31099878868e+16,4.96571223705e+16,255.406707095,56.8262439753,237.714773424
9.35828877005e+29,-2.72136853663e+16,8.64487383241e+16,3.68041726461e+16,-34.8860925772,-92.9489425243,89.7542052762
9.35828877005e+29,3.57703952312e+16,2.67862233057e+15,-8.06597613059e+16,134.321411081,25.2660569409,399.733709982
9.35828877005e+29,4.63044123451e+16,-8.63547012424e+15,-1.75532471466e+16,-271.465854505,-451.639552354,266.075859829
9.35828877005e+29,-3.67058410418e+16,-2.92777038638e+16,-3.41030170114e+16,51.9257182738,-419.373853177,20.0881263386
9.35828877005e+29,3.67770610104e+16,1.55618007228e+16,-6.30730815346e+16,21.126819864,22.6862794881,396.296811478
9.35828877005e+29,-1.50526141177e+15,-9.08456526193e+15,-1.10909504187e+16,-526.347641175,-369.513488383,82.7532614273
9.35828877005e+29,-3.17516354105e+16,2.33518625215e+16,2.18087699801e+16,273.95936763,311.38290081,194.371002021
9.35828877005e+29,9.61524978283e+15,7.87633498779e+16,2.82248223377e+16,112.78935628,-36.8597149363,190.088071155
9.35828877005e+29,-4.91099704793e+16,-8.32438777396e+16,1.80680770921e+16,154.69773749,47.9847935132,152.013749646
9.35828877005e+29,3.18629378927e+16,-1.10259563986e+16,-3.25117125054e+16,-28.6376065044,401.530035457,3.97267006768
9.35828877005e+29,4.45786297481e+16,2.0947629775e+16,-1.16847131336e+16,101.98798453,165.493648408,526.288283578
9.35828877005e+29,-5.20424058762e+16,-3.0400768684e+15,1.77377718539e+17,24.4197701486,-84.3463665214,96.7692195773
9.35828877005e+29,-9.14347890591e+16,-2.01016800109e+16,-4.44154079117e+16,-73.8555901963,-81.3322163305,121.135854117
9.35828877005e+29,-6.50731012747e+15,2.6782917483e+16,1.10902989043e+16,-290.689281515,80.7884673076,38.5746659872
9.35828877005e+29,1.54030211371e+17,-2.80939123416e+16,1.16140715555e+17,17.4499916159,-22.7993344878,105.825921504
9.35828877005e+29,-3.46100664419e+16,-1.21689385351e+16,4.71619893157e+15,-242.671418175,203.015965369,143.327661605
9.35828877005e+29,3.09564576352e+16,-6.95717167883e+16,2.62746830655e+16,-171.303849857,-189.801178304,123.516599326
9.35828877005e+29,2.52785174311e+17,6.83076986439e+16,-2.77561392001e+16,-27.850371884,5.79327721406,148.729744072
9.35828877005e+29,-3.14447397165e+16,8.66585473946e+15,7.15792937355e+16,-168.59778594,169.254693474,-88.5256094426
9.35828877005e+29,2.71231093058e+16,-3.70964087043e+15,-5.7868087105e+16,72.9823320036,123.935727216,240.19462555
9.35828877005e+29,1.05681080753e+16,-7.86309712144e+15,3.43625975572e+15,139.232385767,-116.734893356,-479.648699615
9.35828877005e+29,-5.07064905691e+16,-6.10541454972e+16,6.2743065955e+16,-53.4092519539,-42.3282214267,181.407951534
9.35828877005e+29,6.7191601018e+16,6.59523372448e+16,-2.60700543859e+16,74.163884562,-208.449897584,106.112189952
9.35828877005e+29,5.07787120332e+16,-2.01133808217e+16,4.00756497878e+16,-295.121267105,-156.227025617,123.225378399
9.35828877005e+29,3.41618611702e+16,3.24461089981e+16,-2.5465608761e+16,-345.345409514,67.3827752662,167.036344705
9.35828877005e+29,2.43117041869e+16,-4.41621671247e+16,-6.23350501518e+16,190.674438023,22.5775970519,-120.439433996
9.35828877005e+29,-2.04089074201e+16,7.93795317103e+16,-6.19024780197e+16,6.61389496486,-108.995796829,-73.136313893
9.35828877005e+29,-8.84362444924e+16,-4.92333578641e+16,9.86079973442e+16,-98.1322479793,-27.2373151364,46.4407709639
9.35828877005e+29,8.86179930164e+16,1.61682362069e+17,-8.99910637807e+16,14.4442296506,-30.4115112371,141.661892256
9.35828877005e+29,2.85324812518e+15,-1.17257432085e+17,-6.85788518098e+16,102.11279495,-83.3634632757,66.4723201804
9.35828877005e+29,-2.56074773496e+16,-1.7056754167e+15,2.08968334801e+16,-175.176519321,229.873539636,221.48954202
9.35828877005e+29,-1.04909426864e+17,-5.2893731521e+15,4.00494887308e+16,-188.505375735,54.8997651241,98.9082917461
9.35828877005e+29,2.01607542333e+14,1.57447021809e+16,-1.19920468093e+17,-113.680683125,-78.5895042714,31.9547504318
9.35828877005e+29,7.63290947096e+15,-3.50250094442e+15,-8.16328519605e+15,-312.22373718,-135.953917226,-56.1598320387
9.35828877005e+29,-4.23370495485e+16,6.83922786437e+16,6.17029217753e+16,-85.57489214,61.686976353,220.380294952
9.35828877005e+29,1.08378770511e+16,1.37881989607e+17,6.12632541166e+16,-114.957446384,-3.75845289632,130.279938612
9.35828877005e+29,3.07794353375e+16,1.91841866654e+16,-2.72674261014e+16,-405.827003002,214.768033758,121.703869889
9.35828877005e+29,-1.03204788595e+16,-2.79182486663e+15,8.94177988098e+15,-391.339886705,213.05366556,128.549626195
9.35828877005e+29,2.04892936759e+16,4.27824021458e+15,-2.11750013107e+16,-132.40873801,72.1121311893,248.955035661
9.35828877005e+29,-7.86348444418e+16,2.29325106917e+17,-3.59740544413e+16,-35.2812944888,-7.9292504275,113.377680903
9.35828877005e+29,1.05910405431e+14,-3.81979195065e+16,-3.38340925328e+16,61.0424437507,-10.1426908768,87.1251393988
9.35828877005e+29,-2.51211024197e+16,7.04239434951e+16,-9.55122925952e+16,-33.7704102792,-211.928430555,178.618340026
9.35828877005e+29,8.51782364617e+16,1.15293945837e+16,7.75285798994e+16,58.6133634191,2.03853691738,283.327153747
9.35828877005e+29,-7.89516307808e+16,1.1765544837e+16,5.01477039194e+16,58.6884951098,137.244141547,127.120623992
9.35828877005e+29,5.64595482031e+16,-3.5071429195e+16,-4.38449771418e+16,51.6119917104,-165.811643413,258.340273562
9.35828877005e+29,-3.37836425134e+16,-3.37450091079e+16,-8.36201429841e+16,-264.424522821,-27.319880257,-58.9890405081
9.35828877005e+29,-4.31688610171e+16,-1.51754789038e+17,-1.11533849108e+17,-0.404071122008,51.8032809839,164.416020769
9.35828877005e+29,2.28686115126e+16,9.40887397158e+15,-1.24040985908e+16,-186.460839357,167.364069652,280.988275508
9.35828877005e+29,-1.12202869681e+16,1.54979666044e+16,4.06059532756e+15,306.036555613,115.596414432,-55.0759228006
9.35828877005e+29,1.19507618788e+16,-1.11340418034e+16,-2.58021051162e+16,-190.844325641,849.723309396,188.674765137
9.35828877005e+29,-7.48834345569e+15,6.09413882295e+16,2.1550176358e+16,35.2257633337,-50.8831296213,442.040306661
9.35828877005e+29,1.75155267667e+16,2.79174678212e+16,-6.54332844146e+16,-299.475722398,32.7437390356,454.74683259
9.35828877005e+29,-2.44755421178e+16,5.73844932168e+15,-1.30882814002e+16,-84.55337047,-100.736280762,595.83805289
9.35828877005e+29,-2.81036777042e+16,2.6261291539e+16,1.36743583399e+17,-69.7078062057,59.8075422163,60.3788194877
9.35828877005e+29,3.70714816913e+15,-1.77371912536e+16,-2.54646187863e+15,411.978399603,96.0000952702,-279.581167328
9.35828877005e+29,-2.01382294806e+16,-5.51263713071e+15,-1.54076966915e+16,343.501419558,436.262849093,118.281041336
9.35828877005e+29,-2.82381393716e+17,-8.65492346128e+16,-6.12460221564e+16,-8.39806388126,0.4423045065,159.262728843
9.35828877005e+29,-1.47198231504e+16,3.81484031428e+16,-4.87122533884e+16,221.990529265,177.455308723,58.0150918072
9.35828877005e+29,-7.59535195169e+16,-1.98148289557e+17,-2.12970484111e+15,-53.1882302803,-9.95705597388,136.699766279
9.35828877005e+29,-9.76078650043e+15,1.02822769786e+16,-5.34461597539e+15,63.0938632181,-132.582471182,374.630645414
9.35828877005e+29,5.97508867613e+16,-2.93816869949e+16,-8.08902320215e+16,-36.3593096477,31.8681408875,167.130915541
9.35828877005e+29,3.99836303044e+15,-6.50992731569e+14,3.7101856994e+14,309.442018978,34.8444490053,-332.321426374
9.35828877005e+29,2.56854654812e+17,-1.52012331308e+17,3.87313898788e+16,-28.4000969713,-22.3880295782,129.5224839
9.35828877005e+29,5.64892327144e+16,-6.8799197477e+15,-6.23936039718e+16,-251.833498621,47.7320082372,-37.1651789207
9.35828877005e+29,-3.43303553719e+16,6.9928420694e+16,-3.24799737823e+15,113.333034224,40.8440264614,124.26553725
9.35828877005e+29,7.46724782603e+16,-3.54156732632e+16,1.06215501903e+17,-18.8807907111,33.0273218438,139.456039268
9.35828877005e+29,-4.29347181063e+16,-7.00135683882e+16,2.00279780302e+16,54.6492302414,10.7949444828,256.666236922
9.35828877005e+29,-1.37992539321e+17,-4.05464928497e+16,-6.29668265107e+16,-26.8584287456,7.51779126843,132.338121588
9.35828877005e+29,1.29702094541e+16,1.68386896898e+15,-8.12911189395e+15,6.20464892904,115.318620159,373.55532338
4.67914438503e+29,-2.08120493972e+15,-3.28497186518e+16,-2.96153472275e+16,-106.653870046,96.2448264749,225.646660264
4.67914438503e+29,-4.3732376465e+16,-4.04473107582e+16,2.83771000755e+16,-77.2647446755,-185.926055424,154.193904645
4.67914438503e+29,-4.47399314384e+16,-3.109906436e+16,3.70898655408e+15,272.79805364,242.215751561,80.2327569246
4.67914438503e+29,6.05250242436e+16,-4.14633664016e+16,-5.78193709478e+15,179.928137701,-88.8706207388,-97.1508639497
4.67914438503e+29,3.31283524985e+16,-8.17186871024e+16,1.06144114016e+16,3.28193167995,219.105248146,201.243104641
4.67914438503e+29,-5.17755855351e+15,-2.23616443833e+16,-1.0266841387e+16,22.857584567,451.024604168,-191.250869988
4.67914438503e+29,-5.81578432813e+16,2.57796602979e+16,2.36871250693e+16,238.477226042,157.073620666,-25.8061496493
4.67914438503e+29,4.21465851902e+16,3.13194461934e+16,-1.4085709223e+16,585.284535103,84.7318033864,-10.5693456937
4.67914438503e+29,-3.57877193832e+17,2.84040407081e+17,2.95126937749e+17,1.16626472647,2.36017570187,128.375118123
4.67914438503e+29,-2.38884042906e+16,1.30810197949e+17,1.27733778535e+17,15.5682368229,-0.850585367913,155.452375538
4.67914438503e+29,5.5453006681e+16,2.30415956429e+16,-9.94423180258e+16,-24.7900214326,62.2429476909,215.932589841
4.67914438503e+29,6.73140725725e+16,-2.67307682973e+16,-1.83298465296e+16,-14.3512345248,-125.985315162,298.511454271
4.67914438503e+29,2.04312714175e+15,-2.26700590575e+16,2.00163448431e+16,440.140831983,247.376109421,-429.116701489
4.67914438503e+29,4.04380172232e+16,5.99481402602e+16,-4.68513291486e+15,-174.446194506,184.254803342,109.285070283
4.67914438503e+29,4.71305442361e+15,6.03022329237e+16,-1.42617102824e+17,36.6092841379,20.2362764233,64.5201966352
4.67914438503e+29,1.67791304223e+16,2.15414915724e+16,-1.930685399e+17,36.4936512195,-40.5570113519,82.9101441232
4.67914438503e+29,1.75170465382e+16,2.33270986498e+16,-1.48261725741e+16,-24.0437378524,180.518235764,565.952741112
4.67914438503e+29,1.66100880436e+16,1.25367872244e+16,3.93658897585e+16,241.872436639,-233.453474864,424.245713985
4.67914438503e+29,6.9034607983e+16,4.9406082873e+16,-4.01862728134e+16,-47.6076748689,123.581055892,106.81612055
4.67914438503e+29,1.56054473048e+16,4.18359857555e+16,7.25708948402e+15,-85.258570626,-71.1215702398,-13.8007019054
4.67914438503e+29,-4.27055355165e+16,5.62143296914e+15,-5.82035617757e+16,-99.7602124761,222.939998425,161.3439841
4.67914438503e+29,8.3720369002e+16,2.50953065905e+16,-9.6355776692e+16,53.2641445534,-7.75042458147,121.315392328
4.67914438503e+29,6.63760149007e+15,3.08355149347e+15,-1.68186652171e+16,-612.125578441,-306.675407022,339.10873084
4.67914438503e+29,-1.73445225175e+15,-2.76106979441e+16,4.70278266605e+15,619.45308391,-292.334670056,-95.2636406705
4.67914438503e+29,-1.95780336378e+16,-1.88360258698e+16,-1.44109873259e+16,370.094759357,118.916844693,12.8060246859
4.67914438503e+29,1.89865776485e+16,3.05796249205e+16,7.50220681236e+16,-178.089563617,-108.71703322,-52.1195868781
4.67914438503e+29,-6.68052541891e+16,7.86677632684e+16,1.29089552965e+16,69.0945309206,-32.5119162617,90.7534513513
4.67914438503e+29,7.2434540325e+16,-1.12349524712e+17,2.06851679625e+16,-57.6975373233,61.3589806025,65.6274823991
4.67914438503e+29,2.35384850037e+16,-2.44821638213e+16,1.44768134164e+16,-23.8197491422,56.8132167825,465.902463999
4.67914438503e+29,-2.50050974056e+15,-2.46547161047e+16,1.56189177839e+16,8.29619866096,76.0621277136,-284.823501245
4.67914438503e+29,1.66063913051e+17,-1.25824899583e+17,-2.60798359949e+17,16.4750242835,2.47192689587,134.721949592
4.67914438503e+29,6.91099819921e+15,-4.19472135343e+15,-1.20234385968e+16,-543.450961553,-1.32424631226,270.718791731
4.67914438503e+29,1.49718501998e+16,2.46123900109e+16,-2.63938570742e+16,-236.403266737,-264.619523275,298.026233895
4.67914438503e+29,1.47041186486e+17,-6.51873860758e+16,1.58459895828e+17,-37.7263683828,9.61986748598,114.269335994
4.67914438503e+29,-4.18692753073e+16,4.63030574729e+17,2.26539598765e+17,4.82421075738,-1.76339027232,127.163695691
4.67914438503e+29,-5.4950322691e+16,-6.138399272e+16,1.78372238034e+16,-243.797779044,-118.679433262,211.215455899
4.67914438503e+29,-8.92948947072e+15,-7.37114548214e+16,3.59510354051e+16,70.5428789913,25.4557877514,106.148940419
4.67914438503e+29,-1.54684027939e+16,-7.42128615549e+15,-2.6278383262e+15,-114.522689416,139.833700769,205.112405123
4.67914438503e+29,-8.4863343412e+16,1.06121163143e+17,-1.1366517166e+17,60.175062121,-25.7625067865,135.685693093
4.67914438503e+29,4.01267373185e+16,-2.63544293403e+16,3.83219775841e+16,11.4581381164,-302.857362656,216.276595078
4.67914438503e+29,3.09382315099e+16,2.69881624597e+16,-4.38010948775e+16,-157.267508638,137.944285805,-149.149985506
4.67914438503e+29,3.68903007105e+16,-1.8270647352e+17,-2.76179180955e+16,-19.3378578159,-7.484605914,150.698318709
4.67914438503e+29,5.92603613114e+16,9.52583478107e+16,-6.91371012148e+16,-22.7601567135,145.223675345,137.014395287
4.67914438503e+29,-1.60694812532e+16,1.90674252549e+16,-2.03290074661e+16,-58.0592083111,-440.798029281,279.670727672
4.67914438503e+29,-4.37873798034e+15,8.97501452055e+15,-4.25054531773e+14,-215.221063246,143.803575681,554.344448234
4.67914438503e+29,-6.69854370317e+16,5.11090224143e+16,-1.14104894042e+17,1.76132625772,-36.8715912451,0.10774297203
4.67914438503e+29,5.3165658292e+15,-1.53887806516e+17,-1.27591791338e+17,1.22743856116,48.9321102993,106.885717349
4.67914438503e+29,8.24101799202e+15,-1.83965334096e+16,-9.12106600328e+16,90.2568416,46.3187278667,207.415453058
4.67914438503e+29,1.17382828581e+17,8.47962767977e+16,-9.35813913242e+16,11.6653723409,7.09413572314,156.130353036
4.67914438503e+29,2.18550652186e+16,1.31159721635e+17,-7.79191055344e+16,-0.334637171364,-31.9466482667,108.171106723
4.67914438503e+29,2.1941815739e+15,-8.01711485819e+16,-1.32015238041e+17,-11.2303551679,39.7300323136,66.210364969
4.67914438503e+29,-7.16671816875e+16,-6.27014820416e+15,-3.92676430037e+15,-266.374744017,-136.64821903,117.929063622
4.67914438503e+29,1.27119506486e+17,-6.11249007656e+16,-3.56214217895e+16,-22.1075123832,5.63692361234,142.315035629
4.67914438503e+29,-6.53440598675e+16,-8.58960164124e+16,-3.5802751005e+16,113.75334904,39.471545453,195.588861397
4.67914438503e+29,1.02453090682e+17,-3.32727003893e+16,-2.46638522838e+16,35.3978823512,-147.067651204,6.70284992257
4.67914438503e+29,-3.76626794173e+16,5.50114241803e+15,-1.61462254369e+17,7.23012101537,-65.1390219886,147.149093999
4.67914438503e+29,-4.77529881766e+16,-1.04155804813e+17,1.86890013521e+16,-123.4448289,14.6264041725,121.935587175
4.67914438503e+29,1.61974209006e+17,2.00743894247e+17,-1.053283714e+17,11.7769285323,-13.6013863164,151.759377186
4.67914438503e+29,-3.95045173953e+17,6.7404741541e+17,-5.85666936824e+17,-3.19135810112,-7.22779825497,133.149891357
4.67914438503e+29,1.23700961015e+16,1.6581998261e+16,8.93411632338e+16,77.4301934452,112.260782306,138.249936399
4.67914438503e+29,2.84115545816e+16,2.46456345993e+16,2.4310322019e+16,-204.011761789,59.2600873158,59.2333897912
4.67914438503e+29,-6.45443417443e+16,-7.69924529222e+16,-4.53762239813e+16,115.313276124,12.4672224948,89.7607923981
4.67914438503e+29,-1.47734769518e+16,-1.0665156357e+16,1.26049349944e+16,-345.958312164,289.770321743,424.858269917
4.67914438503e+29,-7.68519507125e+16,7.34443342182e+16,3.10857129567e+16,-116.819820488,-74.1913955148,206.185301257
4.67914438503e+29,-2.42752334355e+16,7.88182597513e+15,3.32160750524e+16,23.3627305304,-340.843857214,229.933913753
4.67914438503e+29,8.27735315297e+16,-3.86330572314e+16,1.53015865276e+15,-25.6155294811,-174.059176346,230.156538862
4.67914438503e+29,7.2433426336e+16,1.15933804355e+17,-1.17614900877e+16,-84.9195341942,-95.3709325225,108.154744796
4.67914438503e+29,-6.25022729152e+16,-3.95989786417e+16,-1.04454448863e+16,233.497172345,-48.4904545825,26.3430321456
4.67914438503e+29,1.07907233105e+17,3.24319865073e+16,1.47704760629e+17,-0.158503927704,5.37237676403,98.5050067598
4.67914438503e+29,4.14484966816e+16,-3.31695856729e+15,3.18430375857e+16,122.444080044,51.1070360412,50.0364875345
4.67914438503e+29,-1.623764942e+16,9.29032863953e+16,5.68892936513e+16,-94.0545706647,-18.0333682485,83.0104768793
4.67914438503e+29,-5.42662692955e+16,-3.4518148694e+16,3.33440278259e+16,-216.791830054,121.778385372,-86.7975973224
4.67914438503e+29,-1.32988894495e+16,-2.70027068684e+16,-3.07310295916e+16,513.318431282,467.050774004,-78.2175693771
4.67914438503e+29,5.02129091218e+15,-9.40010415063e+16,-4.61137918038e+15,-42.0253781732,-133.475958752,-9.92540166779
4.67914438503e+29,1.35721047422e+17,-8.56276214047e+16,-2.00887129158e+16,32.2978615376,52.136831702,101.177309187
4.67914438503e+29,-2.55784424586e+15,6.82987049394e+15,-1.8354861407e+16,-59.9837264999,232.993247592,658.711523435
4.67914438503e+29,3.44991165576e+16,-5.84470985805e+16,-2.8601063785e+16,-195.720102799,-41.0300096042,82.2258191699
4.67914438503e+29,-1.64782291131e+16,3.73582685629e+16,-2.89377404429e+16,371.125047743,-4.88774615213,199.311318828
4.67914438503e+29,4.54975364776e+16,-3.45200820402e+16,-1.1342350659e+16,164.061127628,-259.935239546,387.407907383
4.67914438503e+29,1.11171987677e+17,1.18646119348e+17,5.48555391721e+16,-10.1602896414,-68.0874379125,115.608720915
4.67914438503e+29,-4.20933569406e+16,1.53065258958e+15,-1.8760727629e+16,24.2197462132,249.89725138,235.907094187
4.67914438503e+29,4.38532317361e+16,-3.83717361703e+16,-9.54683165929e+16,111.524190539,136.020358716,117.19050756
4.67914438503e+29,-2.45438143337e+17,3.20712488768e+17,-2.02152850391e+17,6.96927516995,-13.0837196149,142.907391873
4.67914438503e+29,-1.19143370772e+17,5.29711365951e+16,-2.44097655834e+16,31.2775193765,-79.2512396055,240.400072308
4.67914438503e+29,-3.41782068568e+16,-1.31769247877e+15,-2.02081423016e+16,-106.695107186,-574.684528188,47.0108628582
4.67914438503e+29,1.87506107321e+16,-3.0766187693e+16,-5.21557837847e+16,-5.28164987556,-36.4971150229,-86.2436466166
4.67914438503e+29,1.0965671524e+16,-4.61725264128e+16,-9.49650506123e+15,266.411476745,231.888194271,-156.171965798
4.67914438503e+29,2.15569143617e+17,-6.13288012136e+15,1.19603179298e+17,-42.9000584169,14.0830314002,146.089008019
4.67914438503e+29,-2.67033305636e+15,-1.00010659355e+16,1.84839486382e+16,-345.67932952,-93.1956549751,506.988885113
4.67914438503e+29,-4.89826586374e+16,-4.9240017247e+16,1.18030095257e+17,-19.3173143667,-4.6417175317,131.639819446
4.67914438503e+29,1.6558500375e+16,-5.52256945477e+16,-2.87764969755e+16,-296.971737711,11.226381184,109.101392279
4.67914438503e+29,-5.68257152625e+16,1.04926258629e+16,-1.92717118458e+17,-5.32689547168,-11.3594778671,109.805031967
4.67914438503e+29,2.01820786716e+16,-2.46529404133e+16,1.81590233233e+16,34.9772292985,337.463762074,196.18347836
4.67914438503e+29,2.94169118854e+15,-1.31835227025e+16,-6.72724218519e+15,41.3080949127,557.854786402,-16.1553841503
4.67914438503e+29,-1.71727656227e+16,1.03952895476e+15,-5.9585800154e+16,150.845260399,-199.232238424,-4.70724402794
4.67914438503e+29,2.99291592981e+15,2.42591022499e+16,1.02697757264e+16,79.0488625531,-189.050673747,133.476731971
4.67914438503e+29,1.4613245989e+16,1.01951575914e+17,1.16952818674e+17,-74.1218978252,11.6456809403,143.489712768
4.67914438503e+29,-8.50477949662e+15,5.68081702815e+16,-3.72853792696e+16,-162.624049514,123.178233428,316.904629269
4.67914438503e+29,1.57106485e+16,-4.43766976048e+16,-3.32405793461e+16,158.430637922,-153.514797475,170.342519428
4.67914438503e+29,1.02340325039e+15,2.15632682642e+16,1.57950697902e+16,-79.1747599361,-201.106815895,87.4561716196
4.67914438503e+29,7.74185962848e+16,-5.63386076277e+16,4.19365459917e+16,-129.357051646,112.235412763,77.0452220736
4.67914438503e+29,-6.55440478527e+16,-1.37906891124e+16,-6.43729349253e+15,-256.103747166,342.475244319,-2.18869605477
4.67914438503e+29,5.95850041763e+16,4.39345957755e+16,-1.43889103393e+16,54.9739302164,-141.124767463,75.4633618136
4.67914438503e+29,9.05444617808e+15,-9.05003684687e+16,-4.75650419133e+15,-79.1612253108,-127.67036529,238.627829126
4.67914438503e+29,-7.48596884251e+16,9.00682495597e+16,-9.80027568676e+16,58.5005963891,-8.0939740848,188.565450197
4.67914438503e+29,8.15669075608e+15,-2.33630133128e+16,5.86334536781e+16,-198.544124684,-197.273868603,-20.1004984744
4.67914438503e+29,3.04210952993e+16,-8.86194792307e+16,-1.93313064165e+15,-197.428810996,-147.786152731,253.278336184
4.67914438503e+29,1.98326886289e+16,-7.06018679109e+16,2.53386024486e+16,-80.092844108,117.129650422,-5.27467160817
4.67914438503e+29,4.85518087474e+15,-1.12623506428e+17,3.50674986053e+15,25.0338562492,-125.034873068,255.449992964
4.67914438503e+29,4.14411674962e+15,-2.90666155479e+16,-4.43952219493e+16,-71.5526302363,343.526625956,531.719365853
4.67914438503e+29,-1.67921364459e+16,-2.55490384815e+16,4.33036790531e+16,371.904822622,-117.776556114,146.718618698
4.67914438503e+29,5.41108239855e+16,-1.9021752381e+16,-2.69989825735e+15,523.977604292,223.315731262,99.6883488082
4.67914438503e+29,1.73996151137e+16,-2.09532923359e+16,1.52955728134e+16,342.017436918,237.106412413,473.209644437
4.67914438503e+29,-2.04726617135e+16,1.42731094692e+17,2.99703970604e+17,-7.44732166945,-17.5158020909,138.627590739
4.67914438503e+29,2.20080752112e+16,-6.30040564784e+16,-1.28914363523e+17,-18.9308393458,98.5858851388,116.665989107
4.67914438503e+29,1.1686344247e+17,1.88434149209e+16,1.24580044224e+16,-56.4387951719,-49.3128888269,150.696647577
4.67914438503e+29,-1.82248537363e+16,-4.95171122986e+15,-1.05233297896e+16,-192.703711256,206.270949701,717.433297815
4.67914438503e+29,2.29765543198e+17,2.43759869478e+16,-1.94496207657e+16,0.651727558335,52.7294170905,152.441051385
4.67914438503e+29,7.71620273976e+14,1.3144251104e+16,1.94082551251e+16,-74.0132018104,411.57085578,197.805364773
4.67914438503e+29,4.86459013142e+15,-1.97982520965e+16,1.72738349935e+16,-20.144996494,13.6094536248,179.827548287
4.67914438503e+29,-2.01090622166e+17,-1.4644933276e+16,9.3521439888e+17,1.04337842365,-2.20812697567,132.286490034
4.67914438503e+29,1.13411832214e+16,3.75089684492e+16,7.81810774971e+15,-294.74409544,-102.647287277,619.733332937
4.67914438503e+29,-2.11207368199e+16,-4.2165611072e+16,4.4949975387e+16,65.2744975342,-15.0156555168,140.133440455
4.67914438503e+29,2.39047878113e+16,-2.63368984272e+16,1.62971480392e+15,153.574021885,270.004223304,-105.311126225
4.67914438503e+29,1.67098651852e+17,-1.64798938991e+17,1.5508199935e+17,-13.6824049304,27.7513012561,166.785452514
4.67914438503e+29,5.49094505093e+16,-3.42835973811e+16,-5.32574524998e+16,-179.946792899,10.4549299259,208.710954312
4.67914438503e+29,-1.62453724672e+17,6.19706607759e+16,1.03031067007e+17,2.49170451469,-55.0917566664,156.823075532
4.67914438503e+29,2.43671964172e+16,5.40120579531e+16,1.94666087388e+16,3.96456474465,100.975285913,145.208285584
4.67914438503e+29,-5.2986718739e+16,4.56401582468e+16,3.32205885979e+16,-311.821531118,-10.6225773261,74.6988711518
4.67914438503e+29,1.11618011244e+16,-3.5901334524e+16,-1.02440244206e+17,-121.561485358,-66.5503999597,5.782061781
4.67914438503e+29,3.37295208658e+16,5.49904531885e+16,4.36333869394e+16,-137.196098997,4.10968593385,297.712558631
4.67914438503e+29,3.50619098584e+17,2.07878680123e+17,-1.1199393393e+17,-9.44992936445,1.85608804338,120.921897795
4.67914438503e+29,5.98442897449e+16,-4.6830191842e+16,6.29389902639e+16,252.847610964,21.1500347722,118.877074224
4.67914438503e+29,6.66852536296e+15,-2.08957836417e+16,-4.6457569182e+16,-3.11623145936,-120.656021264,341.027163697
4.67914438503e+29,-4.16809895423e+15,-9.76512172481e+14,-4.02869900628e+16,3.88047677705,-514.451651046,417.554879566
4.67914438503e+29,3.07592814161e+15,-7.98702290886e+14,1.46200172342e+17,-45.9368652471,36.4407205544,168.790677905
4.67914438503e+29,3.86439648714e+15,-4.41880894275e+16,-2.1669696032e+17,19.1303171359,-37.8215394949,162.808671959
4.67914438503e+29,-2.12155836068e+16,1.57304299558e+16,-4.07562296009e+15,167.069801282,256.468730647,-542.207493497
4.67914438503e+29,1.26689283526e+16,-2.81646553541e+16,9.48788141305e+16,-59.9303724221,-63.4655879573,193.623980893
4.67914438503e+29,2.10919966658e+16,-3.80227699286e+16,2.29182294209e+15,-171.500043074,117.351370012,180.845084988
4.67914438503e+29,-1.00249989071e+16,2.24999532032e+15,-3.20751382197e+16,105.929255611,-162.14707772,637.313308332
4.67914438503e+29,5.74436600697e+16,5.68181915953e+15,-3.07573450367e+16,-226.341362329,235.345274431,55.3382956203
4.67914438503e+29,7.50203130996e+16,1.95823266352e+17,1.083665651e+17,-27.0287128905,13.6419111985,114.414495476
4.67914438503e+29,-2.66907399349e+15,3.33805117253e+16,-3.68048211092e+16,-65.2970980841,88.0605432613,32.7846233166
4.67914438503e+29,1.67827908396e+16,-1.0736536981e+16,-1.54653033693e+16,-366.404560162,401.255374646,461.94029369
4.67914438503e+29,-9.40592831309e+15,-8.65515299218e+15,-3.26723056659e+15,-104.572960446,-397.815758519,653.708505829
4.67914438503e+29,3.01774387161e+16,9.94408389574e+16,1.07042732357e+17,-35.528441674,-21.4159935348,157.046530031
4.67914438503e+29,1.58860004137e+17,8.69231765348e+16,-8.82643546702e+16,20.5367729671,-62.6446456378,100.990620065
4.67914438503e+29,6.77476141974e+16,-5.28924995465e+16,4.64646047955e+16,86.0413956565,-104.669513771,7.18198049599
4.67914438503e+29,2.88206361194e+16,-3.04732617723e+16,-4.93872769204e+16,-263.448961013,-265.185087198,0.91532126593
4.67914438503e+29,-1.15490749233e+16,-1.211672828e+17,2.63946783586e+17,-18.1973804991,-14.5220854164,102.885036771
4.67914438503e+29,-1.81510472249e+15,1.09806353103e+16,1.79221292128e+15,280.204725469,575.481782577,550.981100276
4.67914438503e+29,1.29523202612e+17,2.8991646379e+17,-2.87118607988e+17,1.18494027279,-1.77750478966,131.224602459
4.67914438503e+29,7.76621375763e+16,-3.43501884066e+16,1.14853910613e+16,47.1586465306,-63.9220724979,-27.5467716986
4.67914438503e+29,-7.00208435003e+14,-2.5999934628e+16,-4.25366709543e+16,-98.2473379666,-7.22961768099,275.143382285
4.67914438503e+29,1.6287106029e+17,4.07564996156e+16,7.23447610878e+16,25.5481567859,8.60106350529,148.92392422
4.67914438503e+29,5.47927732876e+16,-1.45724587541e+16,1.36551545177e+17,2.09296126062,14.8200884997,76.6133981101
4.67914438503e+29,-4.18880607742e+16,2.80090864416e+15,-2.07915427119e+16,-330.361048535,-53.8895810493,217.073356099
4.67914438503e+29,3.45177217025e+15,-1.13717046138e+17,-1.27385599228e+17,-10.2113499865,-18.1393203067,167.732847092
4.67914438503e+29,-1.90258096907e+16,3.05812342875e+16,-1.5743726191e+16,42.0794358371,177.878969824,341.112935913
4.67914438503e+29,2.97916248811e+16,-3.79615146863e+16,-2.04571706541e+16,-51.9910038215,-87.7386683229,207.061495415
4.67914438503e+29,-1.67503832143e+17,-7.21005298211e+16,2.68325336887e+17,-4.66655475498,6.60918841112,119.541920672
4.67914438503e+29,-1.45218134081e+16,-6.60980881904e+16,2.26811097992e+15,14.6195085203,47.4680826013,386.075531929
4.67914438503e+29,-1.74438692653e+15,1.77387531857e+16,2.53762613686e+16,295.466702179,-50.5638712573,177.055466979
4.67914438503e+29,3.32640761321e+16,-6.98042062677e+16,4.467606471e+17,-2.77566615115,-3.53643763351,139.740213245
4.67914438503e+29,4.77921461129e+14,-5.08919662199e+16,-5.03201716932e+16,230.642707877,-75.3632495837,12.9585908675
4.67914438503e+29,-4.96224033621e+16,-5.3237061824e+16,-5.58549926674e+16,140.837828245,0.527748095852,73.9904528785
4.67914438503e+29,2.31312109829e+16,1.29433032724e+17,-5.16703351969e+16,74.0490531786,-43.3943842523,224.162438419
4.67914438503e+29,3.85073552826e+15,-1.47052763052e+16,2.25459186418e+16,342.528530032,118.257227285,-401.247148799
4.67914438503e+29,-5.61330901954e+14,2.6151201689e+16,-4.86499281726e+15,272.897963713,-318.670816168,192.742529846
4.67914438503e+29,1.3017302786e+17,-2.52031164901e+15,-4.09874285976e+15,67.2920522847,35.8881993859,119.441795853
4.67914438503e+29,-4.25385007991e+16,-4.63979802683e+16,-1.18885726244e+17,-107.240311768,-43.4631533571,224.781184914
4.67914438503e+29,3.3135878162e+15,-5.87660247267e+16,2.9051992598e+16,-131.26415515,270.44575232,128.172166375
4.67914438503e+29,7.08085064424e+16,4.58219899908e+16,2.81763671553e+16,92.0769128243,-136.942695027,250.673801164
4.67914438503e+29,6.63607919713e+15,-1.27437306737e+16,-6.31954027839e+16,163.380673733,23.1194240465,259.089005084
4.67914438503e+29,-8.20855792588e+16,9.64171187542e+16,-6.03359653865e+16,4.35695899441,-23.2439294115,88.0804326219
4.67914438503e+29,-2.08566026107e+16,-1.25013121216e+16,-1.24440497144e+16,178.464849262,46.5438389824,193.797936863
4.67914438503e+29,3.38202005948e+16,4.76714545815e+16,6.20443908507e+15,106.529176194,-109.812611626,310.981196301
4.67914438503e+29,1.18949527618e+17,9.92968496548e+16,-6.35202621211e+16,-46.2071898928,8.64096945112,148.520308659
4.67914438503e+29,8.98109482706e+15,4.39340663107e+16,-2.62636881015e+16,-314.144152778,-19.6114005613,122.628933859
4.67914438503e+29,-1.69416455791e+14,-1.92682746088e+16,8.91680162355e+15,-256.277619704,300.770595604,534.186385956
4.67914438503e+29,-7.67784186317e+16,-6.16988250219e+16,1.27547487926e+17,20.3424259864,20.1878531888,165.55406224
4.67914438503e+29,-9.64736043081e+15,2.14092712273e+16,4.36209058549e+16,-424.288377388,109.321909263,-39.2766175202
4.67914438503e+29,7.00647793504e+16,1.59669881563e+15,-5.05053749519e+16,-84.592342573,256.856513427,11.9580953685
4.67914438503e+29,2.90601015891e+16,6.41579460217e+15,7.96820661648e+15,-212.731037689,325.16658273,51.1114363109
4.67914438503e+29,1.74807465926e+16,2.30786898553e+16,-6.22187842455e+16,-58.5066547959,329.754659369,43.7698720653
4.67914438503e+29,-4.25342500594e+16,3.88402602438e+17,-2.14420934105e+17,-10.1874028981,2.08786619541,130.249975764
4.67914438503e+29,4.17934141841e+16,4.30930606964e+16,3.20529351737e+15,-375.469822646,13.3791657824,-27.5396521522
4.67914438503e+29,6.45502470506e+16,2.77502381481e+15,4.25711133898e+16,216.290509354,-125.19568205,-152.540827206
4.67914438503e+29,5.63270338303e+16,-1.65515816863e+16,-1.18579724329e+17,-44.5754562052,-103.553068622,188.40879821
4.67914438503e+29,-4.75404380522e+16,-6.86877103706e+16,-5.84814412004e+16,225.639561005,57.8496175932,89.677998545
4.67914438503e+29,-6.73439384056e+16,-3.48081813988e+16,3.00084415248e+15,124.789691262,-184.260205967,-49.6117165982
4.67914438503e+29,-6.13817290479e+16,5.28481258995e+16,-2.86989494397e+16,-10.626602781,90.1028935433,337.416155092
4.67914438503e+29,-1.15187596593e+17,-3.05153358077e+16,-1.48429615188e+16,99.1303871425,-40.7403799012,130.469878383
4.67914438503e+29,1.001127327e+17,-9.42126924617e+16,-3.78451759054e+15,-55.791067356,23.8234797564,76.3080061771
4.67914438503e+29,3.1803871794e+16,2.43858059446e+16,-5.63691668774e+16,234.554657215,-193.973208807,349.882300624
4.67914438503e+29,-1.04736494956e+16,-2.11919835827e+16,5.72937661976e+16,16.3183352274,23.997750068,12.762406762
4.67914438503e+29,1.39961621504e+16,-4.22143585493e+16,-1.45533409233e+17,-57.5371798766,34.1553360498,173.273998783
4.67914438503e+29,-1.88389731765e+15,-1.0715660323e+16,7.13135069256e+15,228.548574205,-264.014338684,-503.818982486
4.67914438503e+29,-5.80987707221e+16,-1.50959827326e+16,1.11000903265e+17,-14.5206877003,90.5909745718,271.821726195
4.67914438503e+29,-3.72904755772e+16,-2.34252930411e+16,1.38728105329e+16,-117.109706915,-40.7540294231,104.245370563
4.67914438503e+29,4.47061707669e+15,6.38460374156e+16,-5.13054206519e+16,-220.588638516,-18.5040955045,238.399325794
4.67914438503e+29,-3.22105660914e+16,-9.98299808722e+16,2.2088339646e+17,7.85718813837,14.2699937335,137.797852147
4.67914438503e+29,-3.02589996365e+17,7.13272772496e+15,9.84196024426e+15,0.982694131384,19.0019046312,124.699989645
4.67914438503e+29,-7.7350894138e+15,7.79178624482e+16,-3.92054554709e+16,-125.908217911,-140.425888852,77.6756135332
4.67914438503e+29,-5.82129644297e+16,-6.87230918216e+15,-4.5744104793e+16,36.2726921012,-230.538130635,21.4209317037
4.67914438503e+29,-1.00479769254e+16,-4.88353174781e+15,8.45252852505e+16,149.675448253,35.353821196,169.611557039
4.67914438503e+29,-6.45618683851e+16,2.53016530108e+16,-2.28762705451e+16,-166.03473743,-19.9427220538,185.834158714
4.67914438503e+29,-2.60854090808e+16,-8.70621275781e+16,-5.3334953535e+16,-70.0592474679,5.14880673628,55.0294094689
4.67914438503e+29,-6.58871748376e+15,-3.45188401009e+16,-6.65147813474e+16,2.77472691174,352.085100099,40.3420892029
4.67914438503e+29,2.29407862986e+16,-7.03617276986e+15,-3.84298002469e+16,-81.4069996827,-274.581959203,539.409418525
4.67914438503e+29,1.79172221539e+16,3.19482692167e+16,-3.41799882391e+16,-262.605271056,343.646652485,-157.40639031
4.67914438503e+29,1.0672615671e+17,-5.93771944087e+16,-3.37464618443e+16,-125.966939825,51.2897063224,70.5089881097
4.67914438503e+29,1.09495772486e+17,4.09869147444e+16,-1.25896278782e+17,46.6997446687,-35.4557533323,148.35956371
4.67914438503e+29,-6.80329912974e+15,-9.36669389267e+16,4.43558138822e+16,76.4326954699,68.8317959182,21.1999639471
4.67914438503e+29,-1.03659563768e+16,-5.69406165406e+14,-1.20203271601e+15,-110.362943806,243.192735178,569.197295821
4.67914438503e+29,-9.9823410953e+15,-1.13597218045e+16,-5.98943908942e+16,70.6495272483,-335.454213147,194.370942502
4.67914438503e+29,-1.52190943325e+17,-5.82439468895e+16,9.13069777939e+16,72.2907142948,-51.6423866742,88.8588935307
4.67914438503e+29,5.129710493e+15,-4.4550031929e+15,3.63305952314e+16,204.003304674,-433.842511735,497.097690205
4.67914438503e+29,-2.11824256157e+16,-1.08512697575e+16,-1.23019405133e+16,475.294357083,34.4503266368,-73.6655727552
4.67914438503e+29,8.42910250032e+16,2.74901304716e+16,-6.06262020228e+16,-112.024990588,125.374999769,168.156338206
4.67914438503e+29,4.20102538403e+15,-4.76869824918e+15,-6.93120673172e+15,-954.844807294,-424.295571595,136.243633191
4.67914438503e+29,-1.83403728636e+14,-2.10463080513e+16,-7.2314394094e+16,139.282595551,-167.199507713,164.042107885
4.67914438503e+29,-1.06627791451e+17,-4.60979156473e+16,-2.43083839001e+16,38.5602858289,-53.3275039276,266.117082933
4.67914438503e+29,-4.39412039808e+16,2.89310535633e+16,-4.31225490896e+16,52.0233917619,277.62723275,130.379221731
4.67914438503e+29,1.07975253443e+17,7.81985044032e+16,5.15589919019e+16,-127.243495153,10.6349306633,72.3109113108
4.67914438503e+29,7.10773334296e+15,-2.26887518404e+15,-3.54160252018e+16,597.230116945,170.622157555,63.3576578957
4.67914438503e+29,6.37425042794e+16,-1.95381240926e+17,-9.55993585705e+16,8.18844820986,-7.59225659606,129.394943057
4.67914438503e+29,1.60254747883e+16,-1.72870918696e+16,-1.46784369565e+16,-199.757664069,306.859213525,841.279901496
4.67914438503e+29,-2.71246566876e+16,-4.32805115347e+16,-2.87650978004e+16,66.4910665358,272.4834501,18.0423536059
4.67914438503e+29,-9.18521048165e+16,-7.85371172623e+16,-5.06600676414e+16,-54.2007084475,-79.9339895087,176.712477099
4.67914438503e+29,5.25516564934e+16,1.39244948046e+16,-4.96972208101e+16,-276.924536547,-142.706346134,278.983256703
4.67914438503e+29,-1.609754698e+16,-1.07691731641e+16,3.15211219525e+16,316.82417734,-199.568802062,385.544750736
4.67914438503e+29,-2.19232877284e+17,-1.32266942135e+17,-3.19027108464e+17,-6.10460270687,-0.18127785337,136.72708939
4.67914438503e+29,-4.29186455414e+16,5.84154176483e+16,-5.18731833413e+16,-255.7851049,-23.8743047534,115.630861257
4.67914438503e+29,-2.24662665494e+16,-5.29421746477e+16,-5.07891402497e+16,141.373936486,246.24561387,153.394289645
4.67914438503e+29,-3.34884519698e+16,4.78830863344e+16,-1.26108804026e+14,-79.890914773,120.938510682,99.3195505018
4.67914438503e+29,9.53870749306e+15,6.95960002494e+16,5.69166426565e+16,224.752261543,41.3900858603,178.576040041
4.67914438503e+29,-6.10983623361e+15,-7.35904969275e+16,2.77189750875e+16,-152.393049098,-170.720699659,112.286886917
4.67914438503e+29,1.79181652454e+16,-8.6852487729e+16,8.82644925483e+15,124.832314211,-189.935605082,210.496567064
4.67914438503e+29,-8.74985927855e+15,-1.32095872126e+16,2.18952127086e+16,202.642909143,-134.813901636,368.472698157
4.67914438503e+29,-5.39975664811e+16,-1.99972505723e+16,-4.22885202201e+16,21.110230228,103.526546579,123.48320979
4.67914438503e+29,4.12401826808e+15,-1.42422397669e+17,5.19857489402e+16,19.0407990219,-10.7541938444,102.915578647
4.67914438503e+29,-2.80873125375e+16,1.5666843539e+16,-8.2801544356e+16,114.011650671,39.9631308761,162.139142473
4.67914438503e+29,7.18025569385e+16,1.9775357254e+17,-2.80189622695e+17,-1.0648995086,-5.54443634284,136.271517021
4.67914438503e+29,3.54325160848e+16,-5.21173782425e+15,-1.11130931142e+16,277.309629802,112.486301521,-281.398666299
4.67914438503e+29,5.3519456638e+16,-4.45268474298e+15,-2.3534924396e+16,399.135927211,161.479250489,464.904601172
4.67914438503e+29,-1.05023483054e+16,-3.53894238577e+16,4.47809030798e+16,329.437532787,-197.218467305,-20.2585881329
4.67914438503e+29,1.26852793693e+17,3.62914903773e+16,-2.89061103379e+16,46.1571102476,-59.3965002419,69.3081081655
4.67914438503e+29,1.04329598621e+16,-5.76437715534e+15,-6.05810351131e+16,180.609326942,231.265488031,-53.4777177534
