4e+32,-9.990908404e+14,2.92110008793e+15,2.26862517721e+15,11.6526995945,-38.4961155075,25.5404496149
9.35828877005e+29,-3.1685903577e+16,-1.5267176687e+16,-5.29016441931e+16,73.7931777077,-309.191832782,-64.5980755669
9.35828877005e+29,-3.44479509792e+16,6.9073172851e+15,1.10439496979e+17,-47.2548738611,102.978193914,-119.508247175
9.35828877005e+29,3.13592942778e+16,8.36639954436e+15,-5.76529951673e+16,-60.1540938543,85.6936061158,52.3132822158
9.35828877005e+29,4.3015511539e+16,-7.20554757026e+15,5.88490009196e+16,-14.3693293151,-227.578353855,27.4005389502
9.35828877005e+29,-6.32988906392e+16,2.68095914623e+16,-2.91024428807e+16,129.571027141,-6.13593678866,62.8253568335
9.35828877005e+29,1.75297036933e+16,-5.68618681507e+16,4.91072932539e+14,83.7928133881,342.690055639,23.534529222
9.35828877005e+29,-6.55374559145e+16,7.29038356551e+16,-2.84665895528e+16,84.5078325924,142.944120375,-225.345014089
9.35828877005e+29,-1.01794869837e+17,9.67150682258e+16,3.21742185601e+17,-10.052125807,39.9195624183,-17.993012978
9.35828877005e+29,8.90216392881e+16,4.43169668391e+16,8.49125517402e+16,75.7700281022,85.9154311571,-86.8236969309
9.35828877005e+29,1.36091780136e+16,-1.11927004276e+15,-1.16646766774e+16,25.3308344667,-312.208478862,-412.845426951
9.35828877005e+29,-3.90864802522e+16,-4.91932924082e+16,9.26250608868e+15,59.6836125653,252.465676117,380.822135081
9.35828877005e+29,-5.82300204569e+16,8.72749494218e+16,-2.47287882948e+17,-51.7420563917,52.7853914946,-18.4186034784
9.35828877005e+29,6.12660230975e+16,-7.12036304085e+15,1.70659343219e+16,265.200392703,-232.513303733,224.158386692
9.35828877005e+29,-1.10879922803e+17,-3.24849461027e+16,-2.96565010685e+16,12.5116794852,39.7741767861,-27.4750419634
9.35828877005e+29,-2.2552622174e+16,6.18425672839e+15,-7.74651148571e+16,-173.875939757,-29.7387864168,-81.1707117045
9.35828877005e+29,-1.83252981611e+16,7.72084132884e+16,1.33243379536e+17,3.0225396867,51.5324983753,-52.4752409951
9.35828877005e+29,2.49617778019e+16,-4.79837178845e+16,4.85221233383e+16,231.381186747,-43.0132030483,148.795400706
9.35828877005e+29,-2.30556659782e+16,3.35226622339e+16,3.36622760467e+16,-279.422397604,347.744500456,25.7692484564
9.35828877005e+29,3.06262480621e+17,9.62205734021e+16,5.53152474122e+16,-21.6966614654,44.4950596521,-31.9448797256
9.35828877005e+29,9.02398873724e+15,-9.94089009803e+15,9.41812480721e+15,-220.401886475,446.024456326,204.544459498
9.35828877005e+29,-7.33739446084e+16,4.10857636221e+17,6.12683058695e+16,2.19876470342,38.5193591987,-9.06621357331
9.35828877005e+29,-2.26787984308e+16,1.20069533427e+15,-1.14166815897e+17,-79.2621188957,44.9628029632,36.4057956836
9.35828877005e+29,-3.28406004357e+15,3.34730696473e+16,-6.3736187456e+16,-175.509532659,14.4534806432,-39.7675669863
9.35828877005e+29,-8.02046541251e+15,2.79664264094e+16,6.97943146164e+15,-51.7006502849,-342.734798413,353.448543995
9.35828877005e+29,2.47235991916e+16,6.74212397609e+16,5.06025642854e+16,-187.521675425,164.780948608,-102.635712845
9.35828877005e+29,-1.09129896575e+17,9.44095354858e+16,2.80577491939e+16,-56.0287170951,135.736441198,-15.1964339813
9.35828877005e+29,5.88092200253e+16,1.58698302865e+17,1.95008811943e+17,12.3778203288,64.0034963135,-38.1213372147
9.35828877005e+29,2.01287761425e+15,-6.74906235506e+16,5.46354284409e+16,3.82184166682,78.2079128933,23.0680577061
9.35828877005e+29,1.1920646181e+16,7.68099879291e+16,-4.9481793892e+16,-177.464447237,128.320308559,121.314186044
9.35828877005e+29,-4.6224727686e+15,3.38491097246e+16,5.09216859847e+16,-63.9209591718,118.798985773,118.935320102
9.35828877005e+29,-6.42656801192e+16,9.8442825145e+15,-7.30391737277e+15,-209.394881422,-2.49647658524,0.359466673008
9.35828877005e+29,4.48455477191e+16,9.84132743388e+15,-3.26344855534e+16,340.904579805,192.651011026,-322.868195953
9.35828877005e+29,-1.37373507407e+17,5.67967251531e+15,5.22467290171e+16,-69.2101248597,74.1151349517,8.60980410276
9.35828877005e+29,-3.71284219264e+16,9.06700966852e+16,9.36619231363e+15,-71.2398190302,139.081200362,-46.0925590467
9.35828877005e+29,-5.97420486743e+15,3.89710749811e+15,5.1488158952e+15,-50.4451482869,553.439940858,461.446027707
9.35828877005e+29,-1.6766556753e+16,7.41070884983e+16,5.5265227991e+16,99.0366176032,12.7664241344,-67.5488408736
9.35828877005e+29,3.44420925799e+16,-6.67468707097e+16,6.49124277968e+16,-218.20316812,60.6244590539,-82.0361708443
9.35828877005e+29,-8.4792250191e+16,-4.2003052676e+16,6.55777550743e+16,-207.587984323,16.0724793257,-42.1744646645
9.35828877005e+29,1.01644774238e+17,1.63405921567e+16,2.32307934601e+17,12.4306541907,25.8634319428,-17.2497609783
9.35828877005e+29,-1.21777196064e+16,6.51354730697e+16,9.59085032244e+15,3.89833521356,-174.647777007,-110.639569059
9.35828877005e+29,2.12999608084e+16,-2.9567864587e+16,1.18409412821e+16,256.106398348,426.766156732,187.796832878
9.35828877005e+29,-3.25446491806e+16,8.81098348347e+16,-4.42049471772e+16,-117.815022423,-1.58265124019,180.684034101
9.35828877005e+29,-2.34949855093e+16,1.30052014586e+16,2.47711788506e+16,-223.122424283,-520.233220569,92.5003924091
9.35828877005e+29,2.44763118406e+16,-5.29166308444e+16,3.10682495575e+16,-59.3230087932,140.868314333,-3.57076489916
9.35828877005e+29,-1.75221481055e+17,-2.88102748766e+16,-4.89860122108e+16,-67.7478814895,47.7093085864,-42.0762974255
9.35828877005e+29,3.04907042192e+16,2.48492645881e+14,-6.56929199738e+15,-263.101520656,-51.1130700955,-22.5464822119
9.35828877005e+29,-4.17068917739e+17,-3.702357032e+17,1.9803354568e+17,-16.3410926711,31.4020706041,-8.49385143528
9.35828877005e+29,-1.30497054561e+17,-5.85661988204e+16,-4.26871651628e+16,56.8760965965,104.683886898,32.3925038641
9.35828877005e+29,4.91364171698e+16,-1.52797297258e+16,4.82713170836e+16,234.189941409,161.0317005,-59.6721688037
9.35828877005e+29,-1.93246535569e+16,-9.43905996588e+15,-7.16927241159e+16,26.1517378383,130.241161928,-12.4437222644
9.35828877005e+29,4.64553405965e+16,1.43816042525e+17,-9.52584278244e+16,-16.5456869022,60.8338172307,-76.1895124063
9.35828877005e+29,2.50138821832e+16,-8.55778571536e+16,4.95368275695e+16,-75.4870932135,-138.154292022,-146.100810063
9.35828877005e+29,-4.78257496528e+16,2.97929786298e+16,3.18702691978e+16,-50.2278853634,42.9359764724,11.9004833604
9.35828877005e+29,-2.7417995369e+15,-6.93766822559e+16,-8.18418482742e+15,-189.379986505,178.625553415,-134.54429904
9.35828877005e+29,-6.78417261234e+15,-6.75738316191e+16,-5.44046081421e+16,-182.62407184,120.165566587,-254.84092247
9.35828877005e+29,6.62625629735e+16,-3.16972167737e+16,3.74717651627e+16,-88.915906853,114.889022859,132.473086677
9.35828877005e+29,-2.98613190865e+16,-3.54945891698e+16,9.08962786905e+15,-106.762654428,0.569079665912,-64.6608845004
9.35828877005e+29,6.42131321112e+15,1.15292325774e+16,3.12257679576e+16,-346.484842162,107.391747754,344.528270855
9.35828877005e+29,1.20658163861e+17,-9.20172345205e+15,-3.38560948782e+16,-2.50098966617,-89.6809215918,11.6933345629
9.35828877005e+29,2.59825894657e+17,-6.566198552e+16,-4.31228862546e+15,-19.6635216379,48.6360330061,-9.41250865568
9.35828877005e+29,3.56188719109e+16,2.6348015324e+16,-2.91381240609e+16,-125.284088411,-233.864394617,83.2077096972
9.35828877005e+29,5.52276584243e+16,1.81662806948e+16,-5.33340990132e+15,-314.136927707,225.880816575,309.284851966
9.35828877005e+29,8.81012902324e+16,1.08513991315e+17,4.76140277381e+16,8.91652753697,123.895918211,77.5753192109
9.35828877005e+29,-9.84274788476e+16,-1.51705557099e+17,6.25415045124e+15,21.9003407985,91.9998877081,-68.2187883239
9.35828877005e+29,-1.40870202159e+16,-3.80157414017e+16,9.02553661277e+15,-403.212712943,53.921114031,-267.872893698
9.35828877005e+29,-6.2326935148e+16,2.93684565847e+15,-1.17821134626e+17,-50.3952263863,33.4235564153,-122.427701758
9.35828877005e+29,1.61267871897e+17,-2.94549529776e+16,-6.16092432985e+16,7.46385418658,64.2843957482,-79.2504590608
9.35828877005e+29,-3.7201309696e+16,1.23721835065e+17,-3.82123068639e+14,-18.775941668,26.909791036,49.366002582
9.35828877005e+29,-1.17970916531e+16,-6.26653475887e+15,3.4735873275e+16,394.30614968,170.055847769,446.521900207
9.35828877005e+29,-1.54124697937e+17,3.68931868299e+16,-2.72760828982e+17,-35.8991951381,41.8820550831,7.93604287982
9.35828877005e+29,7.78576888996e+16,1.17227904205e+17,9.83690585382e+16,23.1309370769,47.1418285437,53.0734722291
9.35828877005e+29,5.58677636662e+16,1.0494643737e+16,9.68131693835e+16,-2.37482926257,128.878384531,-16.9895911332
9.35828877005e+29,2.7317902033e+16,1.50892355838e+16,4.32969791732e+16,124.294528301,-169.569558457,-467.006614182
9.35828877005e+29,1.97887684058e+16,1.08760131419e+17,6.35106941728e+16,6.61951823444,21.3253401041,-96.7555829227
9.35828877005e+29,-3.56224745489e+16,4.64291437808e+16,-1.18842414853e+16,147.501655095,-5.87105705148,-291.840682571
9.35828877005e+29,5.4356903637e+16,4.10327963423e+16,-5.4593817627e+16,-90.3115016155,15.9652080684,-9.01989573647
9.35828877005e+29,-4.16075755754e+16,1.48025534803e+16,4.7101284229e+16,298.973589215,40.7659206555,-81.9028963344
9.35828877005e+29,1.5814124296e+17,4.61428637105e+16,-1.08244303656e+17,-37.1195702328,83.1558110791,-37.4418486955
9.35828877005e+29,8.77612757268e+15,-2.19570506416e+15,1.89778162108e+16,-458.943093672,46.0674996563,72.457768151
9.35828877005e+29,-2.43997642494e+17,-1.26186429922e+17,5.53477036378e+15,6.02127764963,8.24585425919,-35.3082985837
9.35828877005e+29,3.35214992639e+16,-5.19422972725e+16,2.03426144898e+16,194.797026553,-35.451899159,81.415176898
9.35828877005e+29,5.46664344345e+16,2.71045816915e+16,-2.78081129524e+16,275.910194076,-206.317674738,-212.737442354
9.35828877005e+29,1.95291467382e+16,5.58691950905e+14,-1.01417434748e+16,11.8658319575,286.982438417,-28.720810653
9.35828877005e+29,-4.98447870321e+16,4.50900981105e+16,-1.04826278363e+16,-429.283691642,112.400922706,159.340349447
9.35828877005e+29,-1.07601655227e+17,6.65761468607e+16,5.09329166929e+17,-14.2519871574,30.4079859871,-22.2424951632
9.35828877005e+29,-3.36744498564e+16,-4.13990844527e+16,1.83583345076e+16,-115.705207499,-184.606262028,92.0909759719
9.35828877005e+29,-5.99769250527e+16,-4.53887430472e+16,4.8309878307e+16,5.59730390485,231.083105491,144.060032967
9.35828877005e+29,-6.41413802467e+16,2.72786089171e+16,3.76585277751e+16,235.316624141,-10.3898911898,59.3212282536
9.35828877005e+29,2.93292534485e+16,6.44461276653e+16,-4.33708126262e+16,-84.2200596035,-25.0982376595,160.731072366
9.35828877005e+29,3.18834875342e+16,6.37365698295e+15,-7.61206093325e+15,100.939165983,138.41157598,-159.051461885
9.35828877005e+29,-7.42264760748e+16,-6.46463294227e+16,-7.23611461477e+15,-79.8014137927,188.755323458,-13.0589684007
9.35828877005e+29,-9.4847320425e+16,-1.60162496963e+16,-3.2985303627e+15,-146.654552292,110.506336785,84.0662978527
9.35828877005e+29,-1.3676542711e+16,4.47324134268e+16,-2.27561824936e+16,107.263827574,162.653829296,-102.902772033
9.35828877005e+29,6.67616176727e+15,-1.65349175914e+16,2.66808559243e+15,454.063268685,511.732128987,-228.015014925
9.35828877005e+29,2.35681070145e+16,6.07810753857e+15,-5.89872444051e+15,168.744623639,-279.557429556,-164.78098904
9.35828877005e+29,1.02565030556e+15,1.408631029e+17,-1.63564989553e+16,-68.32429144,1.58899452601,75.4608031243
9.35828877005e+29,4.33787094863e+16,-8.7318262594e+15,2.06691044118e+16,-183.317504198,282.099163103,439.462935898
9.35828877005e+29,-3.17582866524e+16,-1.25139408371e+16,-5.05167152019e+14,-435.46610241,316.869402431,-154.140936317
9.35828877005e+29,5.38048877897e+15,-6.77215939056e+15,-3.86639317523e+14,323.624075843,-235.45406883,311.74287244
9.35828877005e+29,3.30484111039e+16,2.16315237639e+16,2.37380661789e+16,112.950881441,69.9931392755,32.7620223529
9.35828877005e+29,-1.52186938591e+16,1.50720080072e+16,-2.72527881228e+15,-368.68271654,-0.808646211368,255.70109537
9.35828877005e+29,1.57643131384e+16,7.34404244019e+16,5.31858590682e+16,-240.25336384,28.6943060374,-65.9217948214
9.35828877005e+29,7.71473811036e+16,6.10561739004e+16,-1.28558778887e+16,-18.0175858056,-183.152661452,91.1376626069
9.35828877005e+29,-6.25943138543e+16,4.42676164018e+16,1.14653984978e+16,53.9414888994,68.5305972327,-265.708840709
9.35828877005e+29,5.90777117143e+15,1.02976040927e+16,3.58222468466e+15,-8.78692451025,-73.8008557901,182.889888414
9.35828877005e+29,5.51074290371e+15,9.33488375868e+16,-1.79133233649e+17,5.11719297762,14.9556316723,-43.1433974562
9.35828877005e+29,-5.12599140612e+16,1.40457848991e+16,-2.57919957445e+16,201.503615398,53.349648385,98.5169570799
9.35828877005e+29,2.02135752399e+16,-5.88910134367e+15,-6.7708031185e+15,-504.770281056,-343.934737983,-378.921135026
9.35828877005e+29,4.45416820132e+16,-5.60200352706e+16,1.71657099227e+16,8.44536430102,-76.4684856029,-58.0304990704
9.35828877005e+29,2.02793354569e+15,-1.07846465238e+17,1.14960856925e+17,-98.9190121099,24.1260293707,-67.2910719966
9.35828877005e+29,-5.12372002574e+16,-6.63099207764e+16,-2.44165443886e+16,224.923690755,125.192050886,41.8259382926
9.35828877005e+29,3.0516122239e+16,1.96775360151e+16,2.01900733348e+15,274.515807589,-115.178730602,-516.419085695
9.35828877005e+29,5.65578540055e+15,1.37831561056e+17,1.07400015758e+17,-97.1227628673,12.1001123986,-25.8081423368
9.35828877005e+29,-5.30458932567e+15,1.07753291844e+17,1.84169543575e+17,0.0394028206349,47.1288011138,-74.1004194092
9.35828877005e+29,-1.11217837659e+16,-1.18334635948e+16,-5.48233517938e+16,-9.235685352,26.5427946227,-291.84379234
9.35828877005e+29,2.36290488759e+16,4.23322487574e+16,3.43570626081e+16,170.608408074,-127.294606291,-194.040852826
9.35828877005e+29,3.48064213213e+15,-2.6409884331e+16,-8.4227610656e+15,-1.040507482,66.7303606565,10.2430974514
9.35828877005e+29,1.199330981e+17,-6.38184900532e+16,-1.09552287985e+16,-90.3967161793,87.9767946414,2.04599205431
9.35828877005e+29,5.85295721665e+14,4.63682973911e+16,-2.11188067666e+15,37.3285078799,144.336093687,-169.804194687
9.35828877005e+29,-4.28715649786e+16,1.31944347028e+17,-1.52797267151e+17,-6.39737663832,42.5926664451,-44.0405965749
9.35828877005e+29,-1.25778034324e+16,-4.93967542722e+16,-1.34112985388e+17,-68.9288078335,131.3126385,-100.972294225
9.35828877005e+29,2.14629723644e+16,3.36185010381e+15,4.45869063869e+16,44.7196889408,-520.067881284,83.1982523449
9.35828877005e+29,-8.60277300484e+16,1.19583719336e+16,7.416883945e+16,-35.7932479314,22.5529201094,-19.5664612038
9.35828877005e+29,3.3674356602e+16,7.22620953632e+16,1.71428520387e+16,-15.1706224432,42.1880699063,197.945776479
9.35828877005e+29,-7.20259897862e+16,-8.59379912386e+16,-1.59333090511e+17,8.36695121135,4.40356315934,5.34870894055
9.35828877005e+29,3.13631196177e+16,-1.40389863867e+17,1.04469577738e+17,41.4458190678,32.6998156672,61.4503526089
9.35828877005e+29,-4.79570558871e+16,-1.15602971041e+17,4.35119980786e+16,18.5327171394,12.8441852078,30.4609905307
9.35828877005e+29,3.19075516801e+16,-1.72307515247e+16,2.02920391157e+16,-253.428152905,-336.798161355,-83.7320321669
9.35828877005e+29,1.75258442361e+16,2.3498812912e+16,-4.08107020171e+15,340.345591655,-35.2864979067,-255.877535066
9.35828877005e+29,8.58263727914e+16,-5.60678085147e+16,-8.67218694499e+16,102.699927327,-8.36508718026,22.2937237346
9.35828877005e+29,2.99922709125e+17,-1.88444179432e+17,-5.60476231102e+16,-31.3018308325,36.9968225725,-12.4862698172
9.35828877005e+29,-3.15101488904e+15,1.19888369889e+16,-4.14812372091e+16,269.421388826,-123.753774468,-330.375824051
9.35828877005e+29,1.76519481303e+16,9.45426421492e+16,-5.1342887565e+14,79.6023806707,145.97131259,-87.2807828273
9.35828877005e+29,4.44072627239e+16,-5.4552306157e+16,2.26618305456e+16,-198.082265376,-107.797107249,-161.060443125
9.35828877005e+29,-2.64813993572e+16,4.51138378677e+15,4.78820834158e+16,429.195098171,295.317087269,-36.0759082257
9.35828877005e+29,-1.56882794657e+17,-1.25331751728e+17,-6.7994698078e+15,5.92554980669,24.2792096476,-57.0138844747
9.35828877005e+29,1.04598730783e+16,-1.98545527904e+16,-1.25769928105e+16,-247.170819801,133.51958723,-222.061856005
9.35828877005e+29,8.98069429981e+16,6.14864797858e+16,-7.1182930113e+15,-22.6917555522,-37.0542874333,-77.2670537019
9.35828877005e+29,3.01335375548e+16,-5.11332099498e+16,2.217026805e+16,-262.075679653,16.8847018733,259.528524256
9.35828877005e+29,-5.62938903473e+16,-5.54706246846e+16,-6.97349208126e+16,-154.961713432,-151.12115865,91.3134694137
9.35828877005e+29,-2.18969533154e+17,-3.22567701929e+17,-1.79569355684e+17,-2.1193858936,42.065936176,-19.1839594832
9.35828877005e+29,-1.46326413865e+16,-1.1877339939e+16,-1.86281184968e+16,130.596042884,-170.513903113,142.813171467
9.35828877005e+29,6.52518396619e+17,5.95477578397e+17,-3.65628362713e+16,-9.52187314583,36.2576854044,-14.0072593257
9.35828877005e+29,7.32933325175e+16,5.58195127369e+16,-2.18044745687e+16,-132.253939194,-86.2309871071,-36.2580133139
9.35828877005e+29,1.10666014942e+16,-4.5984810094e+16,3.75529033042e+16,29.7069747643,285.099075565,380.535484471
9.35828877005e+29,8.15729816698e+16,-1.63081228158e+16,-5.43840770292e+16,-40.7963428335,122.505646425,-54.1288141547
9.35828877005e+29,-5.74691651736e+16,-2.06317697545e+16,-4.86680582173e+16,103.040513028,193.228942942,69.8519276809
9.35828877005e+29,-1.45266211777e+16,2.35737873831e+16,-4.38962768089e+16,203.67696037,-205.154519778,-436.12041599
9.35828877005e+29,-3.08111953761e+16,7.53953343198e+15,-2.13596677562e+16,-233.934902973,87.2162364984,-522.635467537
9.35828877005e+29,-8.31507359451e+16,-3.76830276212e+16,-1.70218354195e+17,30.1797096678,72.8292292422,-71.088686848
9.35828877005e+29,-3.52987233878e+16,-2.41210242846e+16,-9.15032052854e+16,-16.2698071513,14.7631649092,7.34423474135
9.35828877005e+29,-8.5887001462e+16,-1.40800453281e+16,4.22441965825e+16,-53.9470922204,81.6113740846,-112.498099732
9.35828877005e+29,-2.14436461449e+16,8.62466816607e+16,-8.33938983678e+16,-102.037814495,91.7838700103,-55.7042717153
9.35828877005e+29,1.38216858135e+16,-4.7427382938e+16,-2.21200310877e+16,39.6309127346,194.04094815,53.5889558981
9.35828877005e+29,3.81174370566e+16,-7.89649422817e+15,3.2668536616e+16,-221.774651501,123.822428237,-161.378705075
9.35828877005e+29,-2.79987588458e+16,-5.02396584966e+16,2.49558796418e+15,-48.7135981168,3.77370829661,96.1829731417
9.35828877005e+29,5.80797596092e+15,2.16604350167e+16,1.59007477592e+16,284.900341916,147.428381965,-232.15052697
9.35828877005e+29,7.73402714932e+16,3.45308972798e+16,2.19468190846e+16,-69.4688315604,237.529498472,-45.9928882396
9.35828877005e+29,-4.41657674798e+15,3.93391613639e+16,-9.46363808392e+16,105.075921181,113.743562457,-12.7669617754
9.35828877005e+29,1.93113657057e+17,-6.64920841278e+16,-7.51224422432e+15,-24.3309410811,14.5879279467,21.7624737292
9.35828877005e+29,-1.68198773619e+17,-3.04097559146e+16,-4.52001482932e+16,-30.386192465,38.7353677431,78.5525017033
9.35828877005e+29,2.45313982752e+16,2.2787150935e+16,-3.53368109995e+16,-221.541184382,275.254055034,-345.614583434
9.35828877005e+29,-5.4080400177e+16,1.47113068394e+16,4.41648035211e+16,-190.043562506,13.6606252584,-24.0981809127
9.35828877005e+29,2.76790126508e+16,3.10105155537e+16,-3.23111577294e+16,-62.7121490671,-204.757906234,-115.553308164
9.35828877005e+29,-5.72466798497e+15,2.56460884572e+16,8.60916569902e+15,149.156106979,-31.6209297207,118.042989741
9.35828877005e+29,-6.71861846752e+15,1.00914101591e+17,5.29414807307e+16,60.0492529351,6.33172385047,157.596271939
9.35828877005e+29,-1.21329529115e+16,7.58906820738e+14,4.06662695039e+16,188.561564334,-120.962573119,12.7219602185
9.35828877005e+29,1.23130846625e+16,-3.96775414209e+16,1.15797936868e+15,371.137456848,283.069841158,-281.887961586
9.35828877005e+29,-6.0549195673e+16,3.32390605714e+16,4.40413572595e+16,-15.5123348466,39.6555604281,-141.066530652
9.35828877005e+29,3.14886624006e+16,1.18096684257e+16,-1.48026160753e+16,256.020843166,0.786179808981,-170.72676238
9.35828877005e+29,-1.73225371626e+17,-5.04215220178e+16,-6.78083381432e+16,-9.82611821378,-13.0290598425,-25.3427434476
9.35828877005e+29,9.64530618465e+16,7.08824234383e+15,-5.16594510314e+16,56.2376078175,86.7053355807,45.3264616751
9.35828877005e+29,1.952894789e+15,-1.3948494314e+17,-2.91656824911e+17,-8.38674181989,42.0251512221,-20.8114725896
9.35828877005e+29,7.60972233108e+16,-5.7977990013e+15,7.17996123486e+16,-24.8099865702,152.943876827,-121.147797044
9.35828877005e+29,8.76897900926e+15,4.34503438649e+16,-1.83108092533e+15,-291.664769057,116.863186435,97.7218028214
9.35828877005e+29,-1.17724077924e+16,6.7839497668e+16,7.68650488877e+16,79.8472737812,24.9553255209,74.5517328388
9.35828877005e+29,4.589288814e+16,-2.58052180339e+17,-1.16999328712e+17,11.8812169493,59.4561550269,-20.2777516437
9.35828877005e+29,-8.1027871164e+16,1.5642290661e+16,-1.91337822568e+16,-53.1890694328,-54.8443696969,67.1495352034
9.35828877005e+29,-5.88006759039e+16,2.35984067227e+16,7.53920157379e+16,-90.1789190727,-48.941358104,80.6039211362
9.35828877005e+29,7.37088760262e+15,3.47236717722e+15,8.94982669134e+16,-108.355843569,170.605556644,-199.190355024
9.35828877005e+29,2.33685112655e+17,-6.97990592989e+16,5.97225418302e+16,2.46482420078,36.2621062953,15.4623376865
9.35828877005e+29,2.22239749767e+17,1.40510105705e+17,-1.16678869494e+17,-7.98927827304,18.2672646376,-19.3022427987
9.35828877005e+29,1.22895827382e+16,4.06697358028e+16,1.7518940223e+16,-302.309669934,76.2767184013,6.28176660581
9.35828877005e+29,1.0484115377e+17,3.1482145277e+15,7.21178257597e+16,75.2301904143,-2.54164264791,-85.3364763528
9.35828877005e+29,5.21494594848e+17,-4.5041697306e+16,-7.74772989122e+16,-17.7564141867,45.260080543,-10.5147903601
9.35828877005e+29,5.1060534124e+16,-7.69948855859e+16,-1.3557009477e+16,-39.6038930274,-54.0333995464,206.376415218
9.35828877005e+29,6.79421393198e+16,9.08602072132e+15,6.76737908199e+15,-94.9793992219,-109.782967162,32.9145988129
9.35828877005e+29,-7.71598560721e+16,5.22581783506e+16,-3.02491777566e+16,-114.969071557,-171.59974044,5.8548601275
9.35828877005e+29,-2.01567971253e+16,-1.1848862443e+15,-4.2299522901e+16,-159.309013156,126.543761159,57.9408653729
9.35828877005e+29,-1.73127950466e+16,2.49328586078e+16,-3.69928745562e+16,-441.440386623,-292.446598734,-14.0538276603
9.35828877005e+29,-7.917871084e+16,1.61705174745e+16,5.62457644932e+15,-138.509478462,39.4963243336,61.0154467692
9.35828877005e+29,-4.77042586069e+17,-4.65053184319e+17,-3.55361822051e+17,-14.00164102,40.6318481169,-12.9007482349
9.35828877005e+29,8.22251054259e+16,-3.06751070636e+16,5.01257528072e+16,-107.579544095,103.353145906,-24.6479081111
9.35828877005e+29,7.66216285732e+16,6.17129385666e+15,1.11039107747e+16,65.5451860187,26.0985866282,-112.020475427
9.35828877005e+29,6.5609894326e+16,-1.07118132672e+17,-8.81282591154e+16,50.3676417652,14.6107057473,-97.6443371456
9.35828877005e+29,2.93289666017e+15,2.33240441574e+15,-1.24545223052e+16,252.974674857,-76.7226718324,-243.593486448
9.35828877005e+29,9.40942585151e+16,9.22009662149e+16,4.8137678268e+16,-61.8401304894,-11.3774256923,-9.7519173816
9.35828877005e+29,3.13708690406e+16,-9.28949636111e+16,-5.64782399329e+16,-37.2461406307,56.8989785192,-53.9346142961
9.35828877005e+29,5.48453541685e+16,3.41235164417e+16,-3.23268632074e+15,367.347263839,114.632377788,18.4554293177
9.35828877005e+29,3.21860346081e+16,-6.46832908587e+15,2.05478229863e+16,-459.256840919,284.992966215,282.547133624
9.35828877005e+29,-4.76865109199e+16,4.08997411776e+16,5.50940244361e+16,-13.5643847837,64.84381341,112.570110172
9.35828877005e+29,-3.66687105884e+16,-1.33584721128e+16,-3.23057439558e+16,-310.291779931,573.333560813,-207.281375185
9.35828877005e+29,-4.29374505751e+16,3.56756822184e+16,2.7557782203e+15,187.285024862,-130.159105067,-249.002921257
9.35828877005e+29,-1.24269794362e+15,-2.08917385809e+16,4.72460737105e+16,-65.9398543891,212.081375732,-391.180174756
9.35828877005e+29,1.67946660267e+16,-2.66763996179e+16,-4.84341166071e+16,173.942344515,178.896029595,-32.7238508502
9.35828877005e+29,-9.66689466086e+16,6.70263379305e+16,-8.24398225426e+15,-50.169695584,120.560769844,70.4099604461
9.35828877005e+29,-6.05301039071e+16,-3.12641610395e+16,-2.70013927214e+16,-202.601417452,138.406860868,-90.7743170467
9.35828877005e+29,4.2026715526e+16,1.42299868889e+16,1.9461215507e+16,240.777114238,-209.54332128,-379.499419768
9.35828877005e+29,3.69080711926e+15,-2.68930030335e+16,3.19118208346e+16,-28.4098664878,-133.494006968,-305.812633831
9.35828877005e+29,-2.99423538838e+15,6.83864209496e+15,-4.78133488749e+16,93.1119211581,378.274072493,207.063746935
9.35828877005e+29,8.15311116607e+15,-6.92168205356e+16,-9.83434077993e+16,-77.8407978765,26.6929260654,-24.5911794857
9.35828877005e+29,6.65206863516e+14,5.41137385751e+16,-2.31735665523e+16,38.6916926536,-29.896863969,-12.6917988333
9.35828877005e+29,-3.85381392278e+16,-2.85519270791e+16,8.13383496531e+15,-152.754891921,171.655502167,137.434828868
9.35828877005e+29,-5.23027323841e+16,-1.07325516741e+17,2.82183256203e+16,-36.9560852591,87.6473145874,11.9689745467
9.35828877005e+29,2.0216528179e+16,-6.92277887262e+16,-1.60620836814e+16,-233.959030726,-140.803717553,-149.538024192
9.35828877005e+29,1.16030060299e+16,5.52215355874e+15,5.76105742128e+16,64.9238929928,28.1576742379,-235.507713064
9.35828877005e+29,-4.18788689872e+16,1.35304996238e+16,1.64460356566e+16,392.081481681,-70.9617069205,385.018141167
9.35828877005e+29,-1.21155836294e+14,-2.85637608502e+16,1.86740146476e+16,6.99609516795,-45.9765331558,-274.321338872
9.35828877005e+29,-2.85039721313e+16,-6.88216783468e+15,1.95165813186e+16,325.44848834,-175.56917801,-153.590123321
9.35828877005e+29,-3.74576587601e+16,2.94337278741e+16,-6.81588661549e+16,-213.116164556,-46.2935286128,133.522478999
9.35828877005e+29,3.06588881026e+16,1.17657512422e+17,5.08342989483e+16,-23.2027398594,29.8954960723,-61.6660417781
9.35828877005e+29,-3.12034758762e+15,-1.40734294919e+16,-7.87667576486e+16,52.4671161689,-0.335999802856,152.296139662
9.35828877005e+29,-1.4294543856e+16,-8.62597940222e+16,1.35186890144e+17,-60.4635360489,20.540659821,64.1781752843
9.35828877005e+29,-1.12158079409e+17,5.17989996714e+16,-4.74955426869e+16,95.4761626805,29.2884383375,4.34643127779
9.35828877005e+29,-1.48823206151e+16,2.64496629048e+16,5.5756133814e+16,179.923582752,115.319855702,-329.631145697
9.35828877005e+29,6.88981941234e+16,-3.17493183897e+16,3.67712970862e+15,-24.2552416971,131.08752831,242.708402886
9.35828877005e+29,4.06992332737e+16,8.6462018634e+15,-6.88282544104e+16,228.314775672,-194.562220427,213.875132241
9.35828877005e+29,-1.18562168364e+16,-4.45531024378e+16,3.62798514534e+16,195.323522184,437.901302287,2.39612368341
9.35828877005e+29,-2.64381715521e+16,-3.11030254192e+16,-2.07684495698e+15,119.572391719,291.524310044,279.634317248
9.35828877005e+29,-1.96055597565e+16,2.14171761004e+16,-1.92457070034e+16,613.887372209,418.597506741,-192.067065493
9.35828877005e+29,-1.24768055409e+17,-5.77521355389e+16,-5.75802164385e+17,-11.386993254,39.9719058363,-18.8693945752
9.35828877005e+29,-8.66671319624e+15,-2.44108693965e+16,4.40928329338e+16,-170.180126711,331.77829686,-349.319730617
9.35828877005e+29,-3.08919320404e+16,-6.39763321546e+16,3.57981345367e+16,33.4562498805,49.0880224645,-4.27363308091
9.35828877005e+29,-2.12152258178e+16,-2.27758180546e+17,1.09712900427e+17,-22.1000840813,17.6680208485,-23.461619482
9.35828877005e+29,8.94479104544e+16,-6.29821328021e+16,-1.09705611206e+16,-68.2396005263,6.44333030185,-54.0898673479
9.35828877005e+29,-2.16010055659e+17,7.2582674517e+16,-3.47723470334e+16,-22.8582364711,16.8537366087,29.0135677507
9.35828877005e+29,8.82444048233e+15,9.48495068651e+15,8.24852406455e+16,-24.3829775736,-148.85235819,-150.404223432
9.35828877005e+29,4.02792471137e+16,-2.0093346248e+16,-1.44234426355e+16,-6.04307904617,-251.085833278,53.0171132601
9.35828877005e+29,-1.20126552193e+17,-4.88984351863e+16,1.08483578105e+17,-32.6682268625,82.0025555853,0.280639878379
9.35828877005e+29,1.56789959069e+16,9.46295029466e+15,-1.05935248824e+16,-425.509629575,359.710071414,-225.442010054
9.35828877005e+29,3.97361753984e+16,-1.69111494605e+16,-1.53500985594e+16,-171.42958521,-309.60392951,-98.6035897919
9.35828877005e+29,9.17007375217e+15,-1.65071875184e+16,-1.88042398701e+15,-345.577861991,-69.7318615549,-508.070244404
9.35828877005e+29,5.06753746628e+16,-9.38479627546e+16,8.5818420034e+16,15.908045321,93.9549213535,69.2156406472
9.35828877005e+29,2.1388824002e+16,3.74835730978e+16,-1.03477117764e+17,-60.2271074938,-77.8842141724,29.917419148
9.35828877005e+29,-2.73437553736e+16,4.98668631888e+16,4.32329175713e+16,-20.7801422151,211.790047182,76.5168088153
9.35828877005e+29,4.64781728686e+16,4.24876428502e+15,5.94026324077e+16,72.065018201,210.192292114,-154.537152125
9.35828877005e+29,4.8386902869e+16,6.45959085601e+16,-2.51992581938e+16,-255.626485179,106.897112389,202.477214855
9.35828877005e+29,-3.85565481886e+16,-1.61684971866e+16,-1.85612457359e+16,220.969333977,-80.0900768652,-102.911862197
9.35828877005e+29,-3.84836968002e+17,-1.0445066319e+18,1.14376157459e+17,-10.5596481953,36.4671432539,-15.1503071234
4.67914438503e+29,-4.29135851446e+16,-4.58155663053e+15,-4.83436409336e+16,90.9110517564,-169.100016942,224.269341885
4.67914438503e+29,-8.42645934823e+16,1.21380655493e+17,-6.15395602995e+16,55.0472353341,10.1943062335,-90.5156947811
4.67914438503e+29,1.79852938045e+16,1.13901236711e+17,7.64056297592e+16,-65.8263715176,166.945765897,22.1472444746
4.67914438503e+29,1.05117235905e+16,-3.00893698898e+16,5.01624224283e+16,-181.338760483,-278.870438769,88.4666032436
4.67914438503e+29,4.27504464103e+16,6.12663975086e+16,9.32684885896e+16,-43.4860891821,-87.0509298022,4.57756582693
4.67914438503e+29,7.83887798502e+16,2.00302405257e+16,-6.4559671029e+16,-146.059061477,-106.784873885,-8.87670470398
4.67914438503e+29,-4.76500496517e+16,8.45273574455e+16,-2.04764829111e+17,21.8915683747,39.609829421,-28.8672392378
4.67914438503e+29,-1.07656162795e+17,-5.2809481458e+16,8.57232432273e+16,-33.2630258524,-4.96525629171,-95.6437621239
4.67914438503e+29,2.4670131462e+16,5.94629327456e+16,-8.55206911687e+16,-85.9540565437,29.6422937607,-1.87093142178
4.67914438503e+29,3.48677615135e+16,-9.54931712674e+14,5.67665246171e+16,250.130956159,238.905589715,-126.359938466
4.67914438503e+29,-1.11219406294e+17,5.42963298391e+15,-3.64251055407e+16,84.5224100329,218.532038913,-44.26779169
4.67914438503e+29,4.44142274401e+16,6.04391885485e+16,-2.22253972187e+17,-8.58262714369,24.3663776178,-41.2669628647
4.67914438503e+29,1.21204061438e+17,2.27685502474e+17,-1.83381765817e+17,-29.5541939047,34.9209974042,-28.0311898603
4.67914438503e+29,8.31524672128e+15,7.50395501069e+16,4.63473515826e+15,-411.743457758,63.9402177241,-103.188799265
4.67914438503e+29,-1.35079977662e+17,1.65631136213e+16,-3.62690349152e+16,-33.4662086984,-2.34839282371,-73.6128417598
4.67914438503e+29,1.03740918465e+17,6.70821823645e+16,-2.26452464313e+16,-52.5220495599,109.559694468,-53.0214701591
4.67914438503e+29,-7.86806483033e+15,4.45894141171e+16,1.14518011857e+16,91.4809210643,-19.3460034678,-475.804101677
4.67914438503e+29,-1.18305229961e+16,1.50695307205e+16,-3.858658759e+16,-144.806651558,-210.043440931,65.6456569238
4.67914438503e+29,2.91921306666e+16,5.99625004543e+16,-1.64853679032e+16,-51.8407018762,-154.803568496,-42.011158634
4.67914438503e+29,-2.43371768181e+15,5.09443996848e+16,3.15733869821e+16,-138.595287966,-289.104503819,-17.6499734372
4.67914438503e+29,-6.59058583346e+16,-8.26053370452e+15,1.25029863574e+17,-48.738586931,12.5002545302,-146.517490381
4.67914438503e+29,-5.60809364482e+16,-2.58782269949e+16,1.37197157755e+16,-91.0350580581,-198.21910788,-138.656841351
4.67914438503e+29,5.42236430121e+16,-3.98493035814e+16,1.17141581057e+16,-1.21343097507,-27.0693459016,-227.154037294
4.67914438503e+29,-2.1322007019e+16,5.56048768049e+16,-2.25319472955e+15,-55.4806474733,382.934921607,-130.894930993
4.67914438503e+29,6.25353246598e+16,9.43864568517e+15,1.08892723178e+16,174.670577887,-37.1975593898,45.7615985944
4.67914438503e+29,-2.88642789267e+16,6.5116327975e+16,3.46382808565e+16,-80.8943559683,-105.262399622,164.046112335
4.67914438503e+29,3.94541160114e+16,-4.87740580426e+16,2.44813198701e+16,148.0166262,-37.2255212318,-60.5085393272
4.67914438503e+29,-2.8979221221e+16,2.5322756479e+16,5.81417648314e+16,56.9143468139,180.477460286,246.582600654
4.67914438503e+29,3.44842644773e+16,1.89824988087e+16,-2.85084481471e+16,-63.5483001748,-295.996721346,-27.0010621637
4.67914438503e+29,-1.33772500068e+16,1.8447007392e+16,-3.94836931243e+16,13.8650560205,219.971093303,-92.8033013108
4.67914438503e+29,-3.78412218722e+16,1.39957705882e+17,-5.01849417776e+16,92.6906574137,3.73940553038,-115.243130467
4.67914438503e+29,-1.97821836693e+16,9.34133603718e+15,4.5562137845e+14,-342.322553728,386.718368237,33.1977904235
4.67914438503e+29,-2.42116564175e+17,8.38106274387e+16,3.59087753068e+17,-7.24863117277,25.2056457107,-19.2468460076
4.67914438503e+29,2.95518612056e+16,4.22283509849e+16,-4.94222092031e+16,-31.8499369967,49.1648429021,200.228828081
4.67914438503e+29,-1.54557550233e+16,3.81826649481e+16,-1.88454690144e+16,407.513042934,-51.8698182083,-209.008349446
4.67914438503e+29,1.73386301703e+16,3.25176125225e+16,2.72486952287e+16,107.943757915,246.420541178,67.140498159
4.67914438503e+29,-5.90417914462e+16,1.54404978774e+17,5.32812690542e+16,-110.856230555,50.9429483359,-44.2325834891
4.67914438503e+29,1.24776167983e+17,3.48750676779e+16,-1.7479549385e+16,47.974667822,41.1647627145,-4.01010773173
4.67914438503e+29,-3.26640198923e+16,2.44959536147e+16,7.01031075934e+15,599.635025758,93.2503222784,-292.46095642
4.67914438503e+29,-5.5688831817e+15,-4.29520458807e+16,6.09627083616e+16,214.671071841,-186.726423148,-194.528560134
4.67914438503e+29,-2.2565485234e+16,-5.19952973705e+16,-2.49185086476e+17,-30.3132551111,56.2398593061,-9.80333127865
4.67914438503e+29,2.78027602953e+16,3.70767909517e+16,-5.95674269733e+16,-33.549435332,-114.728716831,-76.1822556688
4.67914438503e+29,2.89196753364e+16,-4.30338988734e+16,-8.24654425374e+15,-199.612328108,48.9704717535,-395.824448407
4.67914438503e+29,7.81271294961e+15,1.75351251789e+16,6.63909863097e+16,-49.7974204758,-90.9194907609,-278.195663554
4.67914438503e+29,2.92623926203e+15,1.74700877299e+16,7.41072060343e+15,238.036547002,-64.9685651837,-160.999533551
4.67914438503e+29,-8.7494499603e+16,-4.00358497544e+16,-1.11623764332e+17,-40.6562436575,83.6304912265,80.3585885648
4.67914438503e+29,1.28635740881e+16,-4.05820138756e+15,2.43813831968e+16,37.1327477946,-160.636279524,354.406729023
4.67914438503e+29,5.39066024881e+16,-5.89244954579e+16,5.69195553943e+16,12.5743268013,23.4502625709,78.6165804139
4.67914438503e+29,-2.90416844535e+16,1.04209086895e+16,-8.94605964949e+16,186.615935411,-83.1966788826,62.7338932167
4.67914438503e+29,-2.82499346447e+16,-6.47214381732e+16,6.06980244595e+16,-59.9822704513,191.305180287,-89.4978120624
4.67914438503e+29,-3.99914860917e+16,2.69141419316e+16,-9.8997176809e+15,237.076141254,-69.4065819941,-12.1745896734
4.67914438503e+29,-9.07146854299e+15,3.65311307064e+16,-2.25651661441e+16,-303.82189261,478.048837388,-537.60466176
4.67914438503e+29,1.37503742315e+16,-2.44553434035e+16,-2.63931077281e+16,238.64201698,99.3663203669,316.264231886
4.67914438503e+29,8.67469173349e+16,-3.90958152656e+16,-2.20223169459e+16,33.962578201,-109.578825619,116.922926128
4.67914438503e+29,2.71957081014e+16,-5.13301089694e+16,-2.79980154512e+17,-27.6686867277,21.5628269792,-43.5707229815
4.67914438503e+29,1.51080093391e+16,-3.02018613008e+16,-7.75803145112e+15,93.1490638025,523.309527811,-169.851488488
4.67914438503e+29,-8.71236787996e+16,1.94479478363e+15,-7.75642562099e+16,-68.9072538779,87.5579746593,21.235590886
4.67914438503e+29,1.6168714972e+15,-6.25470384626e+16,-6.20116386031e+14,136.731585442,234.367766914,-64.725362281
4.67914438503e+29,3.87805470789e+16,-2.01981467878e+16,-5.30853682808e+16,-191.55644587,122.857222466,52.7368187862
4.67914438503e+29,-1.32581473475e+17,-2.73571869196e+17,-1.11067682596e+17,-2.56234217636,26.7730982692,-28.2765115397
4.67914438503e+29,-1.59757829752e+16,3.32350680089e+16,-1.44682526571e+16,336.041992684,434.459394734,190.770013881
4.67914438503e+29,-4.42507334343e+16,-2.51625231755e+16,-8.20643747004e+16,39.8443947532,58.229189441,-36.3741880623
4.67914438503e+29,1.12859282899e+17,-1.47557519252e+17,5.3629086522e+16,-74.2267095533,68.3428104589,-51.7523521244
4.67914438503e+29,-1.07680495181e+16,3.12309463105e+16,7.69669576181e+16,14.6599458448,-17.7170131407,153.552131202
4.67914438503e+29,-6.96004596354e+16,-6.15321391975e+16,2.23545143209e+15,117.89797083,-73.5645575815,44.0872005352
4.67914438503e+29,-8.51129566202e+13,7.47812371279e+16,5.22124504162e+16,105.854315809,52.4999369176,23.1235116685
4.67914438503e+29,-2.95544692062e+16,5.20920647066e+16,-1.11487168582e+16,-132.474797138,252.913803477,-289.769187284
4.67914438503e+29,7.33531637981e+16,6.09474097019e+16,-9.52524455385e+16,-102.476699825,111.486685446,-32.0278264765
4.67914438503e+29,-1.13167837318e+16,7.11763587896e+15,1.14006802757e+16,623.587999771,294.875168257,-704.621863158
4.67914438503e+29,-3.70223629135e+16,1.26443415858e+17,8.53587857675e+15,-1.44392695915,124.19760274,-20.7152618026
4.67914438503e+29,-4.71514384397e+16,-1.48629335478e+16,8.10443065556e+16,22.5491381309,156.160612934,11.9271736477
4.67914438503e+29,1.44996815538e+16,-1.15607237547e+16,-4.30449227375e+15,25.0310515655,-175.330440202,-204.985204665
4.67914438503e+29,1.24007501496e+17,1.03300145125e+17,-3.18328411454e+16,49.2951061053,71.3606632251,-45.3305035438
4.67914438503e+29,-5.94483180723e+16,-7.06892443065e+16,-2.44873041723e+16,27.031044421,-90.1062034501,-166.454778762
4.67914438503e+29,-1.77665611366e+16,9.85406501434e+15,7.33527552451e+16,109.649294258,-28.9986967927,-188.890870484
4.67914438503e+29,-7.17878635002e+16,1.12062189067e+17,1.11647470168e+17,4.17946672507,36.1204956603,11.2484273149
4.67914438503e+29,1.37586067995e+17,-2.01261839318e+17,2.93077660747e+16,-15.2365510345,52.5016078971,-26.6129111314
4.67914438503e+29,2.82936670763e+17,1.437511239e+16,1.27365184553e+17,16.6834317381,30.7305251758,-17.341492125
4.67914438503e+29,9.50452275817e+15,-9.75400797557e+16,9.73803480582e+16,-101.341081845,34.8210689809,7.25651130915
4.67914438503e+29,4.99491806827e+17,6.30724522196e+16,-1.14906821106e+17,-11.9580249388,34.9907928701,-25.347217869
4.67914438503e+29,-2.65061032752e+16,-1.60238626378e+16,4.03065382118e+16,-273.369702829,49.2330779259,98.3454813203
4.67914438503e+29,-3.24067692173e+15,2.8296176763e+16,-1.70277731264e+15,-258.83327858,-716.146122862,-324.64127074
4.67914438503e+29,-2.4605418289e+16,2.23254572775e+16,-6.72603604364e+16,195.670354782,-116.524024683,-189.787111927
4.67914438503e+29,3.55462022519e+16,9.35890063423e+16,2.04105966058e+16,-98.7496856194,86.5043170386,57.8834053048
4.67914438503e+29,2.25314417251e+16,2.06909714039e+16,1.19962249475e+16,-174.48680783,-17.2514869738,-84.1427898344
4.67914438503e+29,2.49244440555e+16,-2.80670778908e+16,-2.2789562078e+16,-538.312794222,312.644352278,198.060501394
4.67914438503e+29,-7.11952951618e+16,-5.30072494776e+16,5.95771661496e+16,61.6212859161,145.336806957,37.772672403
4.67914438503e+29,8.00634674021e+15,-4.07647221492e+16,2.48711415926e+16,123.77572727,-111.83472041,116.878957932
4.67914438503e+29,-1.75780543989e+16,1.1362972682e+16,1.66201166344e+16,498.736567762,561.230792298,43.6565843614
4.67914438503e+29,-3.37861656649e+16,-1.06313124652e+17,-1.78396833772e+17,2.23154558328,34.4819865221,12.9209582226
4.67914438503e+29,2.52744384662e+16,3.56258870811e+16,6.97066490813e+16,-321.082337003,99.850912155,-69.3128156061
4.67914438503e+29,2.70971252969e+17,7.04125113694e+16,3.38015560473e+17,-21.4475045243,34.248925614,-15.9196534933
4.67914438503e+29,9.16631294548e+14,4.52869009766e+15,-5.86632960427e+15,-380.163148502,506.429372464,-194.246315427
4.67914438503e+29,-6.98699759532e+16,1.70584685643e+16,-1.84235418194e+16,245.363764905,160.243478997,-236.26992985
4.67914438503e+29,5.05184741966e+16,1.07887430231e+17,5.43993394694e+16,-37.6564887884,72.64200929,67.2351637764
4.67914438503e+29,2.00224665934e+16,5.24864492438e+15,4.87374915389e+16,334.758912256,-76.9588546412,-37.2371487948
4.67914438503e+29,5.06978507563e+16,1.56400317447e+16,4.91580143338e+16,3.79932352544,43.6128424184,76.770188
4.67914438503e+29,-7.41398340006e+15,-4.15773181562e+15,-2.1565831856e+15,-155.777719032,428.186081595,-237.279961725
4.67914438503e+29,7.91764501909e+14,-1.91430113555e+17,-1.44988996889e+17,-28.0042027761,38.5323917471,2.53972597383
4.67914438503e+29,-2.92069442998e+16,1.88435452285e+17,-7.28657557827e+16,10.681583089,20.457408085,-0.323117810255
4.67914438503e+29,-1.39307045408e+17,-6.02041305391e+16,-3.56853195476e+16,9.66763047702,155.714077549,19.2766738438
4.67914438503e+29,4.2092751815e+16,-4.34283580017e+17,-5.29678520267e+16,-23.0640954294,40.6137767178,-21.6171582351
4.67914438503e+29,1.72493210267e+16,-3.50983681643e+16,1.04439945204e+16,53.0894597947,292.700091052,-417.708087024
4.67914438503e+29,-1.63083418611e+17,-1.10538685409e+17,-1.20425545095e+17,18.6924167873,45.5473104555,-7.30757593921
4.67914438503e+29,-3.70123112479e+15,-2.35179152917e+16,-3.06518491455e+16,-279.100063303,-230.76854893,-195.733599489
4.67914438503e+29,-2.37176708741e+16,-1.05026979763e+16,-6.16588878443e+15,210.538078993,-111.209663616,-157.018346192
4.67914438503e+29,-2.96878541558e+16,-1.92453581929e+17,1.03820292716e+16,-39.2410301751,15.6105030075,-43.8166918199
4.67914438503e+29,-1.82657318156e+16,5.71389907536e+16,-9.31586672669e+15,210.719507013,67.3039034428,-170.64847478
4.67914438503e+29,9.86751986336e+16,-2.62470139784e+16,3.00559288324e+16,-71.3268418018,-47.2167337315,29.8723266183
4.67914438503e+29,-1.12592517384e+16,6.6258586768e+15,-2.17144826042e+16,212.974036478,77.633920412,371.803154468
4.67914438503e+29,1.05683701605e+17,1.35153422409e+16,-2.39026553882e+17,36.8869842954,33.4235462614,-23.8007105348
4.67914438503e+29,-8.75789185683e+15,2.78387457908e+16,-4.29725883389e+15,-106.350886765,345.833287757,43.236994351
4.67914438503e+29,3.89741292153e+16,-4.88714233753e+16,-3.06989951427e+16,-173.730852848,-156.695275693,-166.453732657
4.67914438503e+29,-3.62234825742e+15,6.5406887937e+16,1.29313065309e+16,19.3020975723,-61.0017151017,-288.219237408
4.67914438503e+29,-2.91939784882e+16,-1.30923788833e+17,8.69285166221e+14,-74.6965956155,6.10647153876,-7.82936687526
4.67914438503e+29,-4.52361346079e+16,1.24839640958e+17,5.27432164677e+16,-87.5295194593,12.5424772144,1.93921048547
4.67914438503e+29,4.84561440094e+16,4.33242218969e+16,-5.53091793304e+15,-72.581650397,-90.1602690352,-102.051067989
4.67914438503e+29,-3.42047633551e+16,2.92893038986e+16,4.1848758519e+16,340.385323599,10.2353782595,-57.8986003053
4.67914438503e+29,-3.0551506159e+17,-1.64719054781e+17,-6.05173067602e+16,-27.5942368598,53.7849159285,-9.70108012917
4.67914438503e+29,4.31429741418e+16,2.19176820391e+16,1.11635731904e+16,-344.416094746,-2.72522678741,-291.076525958
4.67914438503e+29,-3.27698641965e+16,-6.48612972052e+16,1.38351656091e+17,48.7079087511,8.73580839973,98.2078802862
4.67914438503e+29,1.11764202438e+17,9.13701256165e+16,-3.89368500411e+16,44.0341977603,9.51115331561,41.003510769
4.67914438503e+29,5.52726745649e+16,-1.3115329717e+16,-1.13143877377e+17,45.0377974918,-24.7134041712,37.354487036
4.67914438503e+29,5.61178162006e+16,7.99966212021e+16,6.00166416417e+16,-135.260075885,16.2329392624,-35.7246102195
4.67914438503e+29,3.85209974946e+16,-6.96124792256e+16,1.46952571342e+15,-61.0487104559,87.4545221636,49.0622977752
4.67914438503e+29,2.64709434189e+15,-3.31786311146e+16,6.17729451547e+14,205.078111996,-43.1069234839,222.672381087
4.67914438503e+29,-1.88937439216e+16,4.14632355324e+16,-5.29967356074e+16,-80.2029872893,118.428996777,-229.100814989
4.67914438503e+29,3.72180734271e+16,-5.45712018797e+16,-3.99384409888e+16,84.6998299371,116.662708277,-10.9912504144
4.67914438503e+29,-3.48145200896e+16,-1.16122041854e+17,-1.18506533896e+17,-84.3936702018,0.909531221517,-111.167486277
4.67914438503e+29,-6.08240998782e+16,2.21242799167e+16,-2.50177498451e+16,-186.368149602,298.250049762,74.6801226301
4.67914438503e+29,5.50572025304e+16,-5.30399907271e+16,1.77875792518e+16,20.6457583567,186.20417415,-11.8418736442
4.67914438503e+29,-3.56105611337e+16,3.39250557925e+16,3.62389384849e+16,217.794762488,-243.782851756,-109.161886151
4.67914438503e+29,1.5303070589e+16,-4.58850110062e+15,-6.82879132854e+16,-24.6925288547,19.8438784368,-51.466644819
4.67914438503e+29,-1.33755552457e+16,-3.63206274899e+16,-3.05663809276e+16,-432.838488391,153.339169157,75.9548505867
4.67914438503e+29,4.82462296999e+15,6.08782121424e+15,2.90024951938e+15,542.134555248,-457.965564172,-456.560542872
4.67914438503e+29,-4.85644072866e+16,-4.32764535392e+14,3.32037165561e+16,-120.263414742,257.337368007,-57.6049305336
4.67914438503e+29,-1.24174936019e+17,-1.02987739141e+17,5.52717699927e+16,36.4951620135,20.4149471205,-33.4895340618
4.67914438503e+29,-1.96708683521e+16,-5.91001348048e+16,9.35716837582e+15,-33.9514308927,-7.78454529141,133.603311603
4.67914438503e+29,-9.625626482e+15,7.18398701212e+15,5.93443110606e+15,-456.433613061,215.262213203,446.404792111
4.67914438503e+29,-4.75025529344e+16,-2.27072632747e+17,-5.23269651437e+16,3.77721819286,48.6146566359,-56.3429099503
4.67914438503e+29,1.46416442363e+17,-2.32352510069e+17,-6.10078716262e+16,-12.4431587158,32.7510592797,-29.1265477868
4.67914438503e+29,1.71945894589e+17,-4.58770541179e+15,-9.79617612829e+16,14.37546213,32.9638286801,-67.0505881749
4.67914438503e+29,5.75199677023e+16,-1.68141196989e+17,-6.94348221255e+15,38.8917354386,76.0299354425,24.1570470251
4.67914438503e+29,5.37107837021e+16,-2.1605306766e+16,-2.19592983121e+16,-306.36619268,39.1732442502,94.8347916765
4.67914438503e+29,3.84355381912e+16,9.42886560398e+15,7.39966964346e+16,-13.0179574626,-42.7505725978,-10.6439373581
4.67914438503e+29,-1.41867649697e+15,1.01361512875e+17,-5.13767442226e+14,74.2948969107,259.950689526,21.5655192974
4.67914438503e+29,1.29812127886e+16,-7.05630360013e+16,6.79142629635e+16,47.6842710487,-72.5019521031,-18.1455862171
4.67914438503e+29,-2.39108762032e+17,-1.85408331687e+16,-3.51675391042e+17,-21.5730150569,28.7625989036,2.11474518757
4.67914438503e+29,-1.57016656134e+16,5.7300460002e+16,-2.4640718483e+17,8.16435731776,52.6589358886,-48.9364588493
4.67914438503e+29,-3.69011495089e+16,-6.08734736265e+15,2.3004026201e+15,176.20582541,440.115512878,-18.6933172236
4.67914438503e+29,6.77091583242e+16,1.8574981735e+17,1.23797231547e+17,-40.3092570984,9.53977466418,13.911310029
4.67914438503e+29,2.03693166651e+17,1.00558960968e+17,-1.22819509725e+17,-24.5577310309,2.29847464984,-45.5344930688
4.67914438503e+29,-2.42427829996e+16,-2.86870128231e+17,-2.50867512007e+17,-24.4412221725,23.8537319693,-7.17965489927
4.67914438503e+29,-7.78287549725e+15,1.04298780707e+17,7.39760404827e+15,-129.847855085,11.6162338287,-32.4394745947
4.67914438503e+29,-3.60551947845e+16,-7.08437940143e+15,5.0663840196e+16,34.7643972477,64.1264597979,210.38536186
4.67914438503e+29,-2.90201762903e+16,-3.74103576015e+16,2.28589134279e+16,491.486209859,-69.7814438008,-225.271862243
4.67914438503e+29,-3.89035080574e+16,5.12909913605e+16,5.66746318558e+16,-103.827732319,-181.097827686,-97.6178476238
4.67914438503e+29,-4.81577511085e+16,5.65291455047e+16,8.85817304492e+15,29.801267503,5.10442676237,124.788692596
4.67914438503e+29,5.85612790219e+15,1.86727961892e+16,-4.00425435454e+16,170.25427863,-136.750064826,-327.138183331
4.67914438503e+29,4.48564533271e+16,-8.10199555895e+15,-3.060128439e+15,-83.8696638388,-17.2016414108,-98.6140166062
4.67914438503e+29,-5.15117910229e+15,9.44523337634e+16,-1.97312994221e+16,-146.578219046,122.754319707,-63.6646081129
4.67914438503e+29,2.43970854107e+16,3.99408254991e+16,2.62945177677e+16,-196.191576014,527.019695697,370.321339883
4.67914438503e+29,-2.26341804896e+16,2.3403320322e+16,7.60528957847e+16,-81.5164809762,-103.762781375,-151.125146347
4.67914438503e+29,5.99568720044e+15,1.60188718458e+16,1.51692850037e+16,31.7779286178,320.918478334,-90.1030565322
4.67914438503e+29,-3.14862929599e+16,4.52207884827e+16,5.97220119651e+16,215.064594749,-121.891228656,-67.6209052946
4.67914438503e+29,-1.29290812188e+16,4.57390239241e+16,7.56794104661e+16,-138.518040896,130.064102689,37.8841698401
4.67914438503e+29,-7.29437480295e+16,7.18831798082e+14,-2.17915166055e+16,8.36196235057,134.382257112,-115.821517216
4.67914438503e+29,6.1842018633e+16,5.93529566801e+16,6.34141398333e+16,-96.4361137487,12.2241096882,-191.229822922
4.67914438503e+29,-2.28682363844e+16,1.82078715888e+16,1.69045571076e+16,-2.90521531407,-44.9619388251,-393.611111774
4.67914438503e+29,8.7748612349e+16,6.46434947098e+16,1.56179596825e+17,-58.0280945973,-6.88438208843,-49.9346103264
4.67914438503e+29,4.04937775968e+16,-1.62642706701e+15,2.81140959369e+16,254.465687105,41.5416545991,-78.2984359819
4.67914438503e+29,-1.38653896606e+16,1.05508325946e+16,1.55677159091e+16,237.736287434,-455.920442435,347.373545172
4.67914438503e+29,-4.16787455222e+16,5.23704631285e+16,9.37351241187e+16,71.3857844327,17.5287651206,20.6771082359
4.67914438503e+29,5.8625242695e+15,1.95684289152e+16,-3.30376308583e+15,141.301162185,743.556770687,400.664143267
4.67914438503e+29,5.5393043056e+16,-8.65932309275e+16,-2.8419689381e+15,-106.770677313,75.9810148466,77.0351754971
4.67914438503e+29,5.14883303231e+16,4.39717436843e+16,9.85695239865e+15,-3.4637784028,-50.3817643577,-36.1055878624
4.67914438503e+29,1.59202125564e+17,-8.64927150711e+15,6.20616382764e+16,-35.2314511101,105.48604417,-0.660334010878
4.67914438503e+29,-3.12325924299e+16,4.54155075479e+16,-7.57618400782e+16,34.2176828136,120.201141019,109.509679388
4.67914438503e+29,-5.89844629371e+14,-1.63944935543e+17,4.4252636973e+16,-28.2275407681,36.8786211963,-3.61866425842
4.67914438503e+29,-2.79631364173e+16,-9.02427815973e+15,9.85092231891e+16,-194.77740754,155.146395976,86.3596802414
4.67914438503e+29,1.32200754412e+16,1.41000854638e+16,5.3026235804e+16,195.281290577,-387.787903858,-189.194323216
4.67914438503e+29,5.34391480578e+16,1.12260391707e+16,-1.11724954687e+16,-277.472053793,60.5287177658,133.2457134
4.67914438503e+29,-3.75279228415e+16,1.19457399753e+16,-5.58522233611e+16,74.090666857,21.9659455178,-289.182546196
4.67914438503e+29,-9.27347715048e+15,-4.24853238863e+16,-1.11395605466e+16,-134.032926814,455.896674623,136.891128177
4.67914438503e+29,2.73565234386e+16,1.72781850029e+17,4.38304190457e+16,10.4694540207,-41.7058573736,-36.6899922982
4.67914438503e+29,7.44357693389e+16,1.42816173435e+16,4.62496390929e+16,15.0520287006,179.414643528,65.5755960646
4.67914438503e+29,-1.24445640522e+16,2.40061310437e+16,9.74523583838e+16,10.1419352546,128.009853293,-104.589073006
4.67914438503e+29,-2.15235221655e+15,-3.58996654303e+16,3.82748213953e+16,-458.280363925,241.846909316,-244.27295798
4.67914438503e+29,1.44106540553e+16,1.74317283884e+15,6.55978760533e+16,-206.061144824,138.731446506,106.414265849
4.67914438503e+29,-1.37573876334e+16,2.74834414847e+16,2.5684030159e+16,-183.48597413,-139.068209486,62.6583718247
4.67914438503e+29,-4.39954177665e+16,-1.74650526568e+17,6.3385856552e+16,21.7903709526,60.7179908821,-40.9087209032
4.67914438503e+29,-4.72674502597e+16,-6.25125904396e+16,1.77732277122e+17,-49.4251490027,63.774590424,-5.73255522265
4.67914438503e+29,-2.6645390511e+16,-1.27467691085e+16,-3.99627730698e+15,-461.345541521,139.710495308,86.0525173545
4.67914438503e+29,-1.09092484165e+17,-4.77338268774e+16,5.00651129778e+16,117.234312702,-7.44197383979,-45.2620248006
4.67914438503e+29,4.75815014564e+16,-7.62009184372e+16,-1.36620269407e+16,-3.91165418736,-100.156247564,-53.1099105941
4.67914438503e+29,5.88227089957e+16,-1.31430155059e+15,-1.41615359612e+15,-48.7070593791,396.341268644,125.329328465
4.67914438503e+29,9.02249675105e+16,-8.0859830297e+16,-1.14544869974e+16,-20.0343497157,61.2176729878,114.949824503
4.67914438503e+29,5.52529763765e+16,-1.6982482462e+17,2.46461574617e+17,-5.18092875707,50.9921976195,3.04150774846
4.67914438503e+29,-1.12223501235e+17,1.67170712442e+17,-2.86544045172e+17,-21.8099075321,39.2944812669,-16.899234465
4.67914438503e+29,-2.8712166801e+16,9.54683119345e+16,1.49378171881e+16,-76.7979128695,-94.2338484552,-88.6299889496
4.67914438503e+29,5.00714088034e+15,-4.1348780649e+15,-2.94768038045e+15,111.312245312,120.68770686,39.981121224
4.67914438503e+29,1.04464419367e+16,1.71288235423e+17,-5.14692250723e+16,12.1381643836,0.38895316654,-57.9882745478
4.67914438503e+29,-4.22620546137e+16,5.16273271436e+16,-2.00649898346e+16,-71.6989661075,65.6075180755,-345.152444455
4.67914438503e+29,-8.40970634241e+15,-1.59015984999e+16,-5.12046626525e+15,-252.398871004,-545.118684583,-155.737387531
4.67914438503e+29,1.22763668433e+16,1.59029560366e+15,-1.74160591356e+15,294.796658239,-223.129508577,-441.998158609
4.67914438503e+29,-7.59396042403e+15,1.08148292086e+16,-9.86834335677e+15,3.35827618115,199.274251846,561.073080598
4.67914438503e+29,-5.00413645541e+15,5.39246336972e+16,3.70542706057e+15,-81.2031542266,-15.7643504977,-427.748687353
4.67914438503e+29,2.43898535705e+17,-4.14887326313e+16,-1.73972397332e+16,15.4664780502,15.0675409796,-25.8936623177
4.67914438503e+29,-2.40593918012e+17,-1.39274844237e+17,-2.4584003467e+16,4.4998796951,38.973359836,11.2412540911
4.67914438503e+29,5.24117828664e+16,2.75025394757e+16,-8.39142594081e+16,-57.2939549432,52.263159378,-38.8218935884
4.67914438503e+29,-4.51026936201e+16,6.98654786435e+15,-5.66043001489e+16,-21.6476487364,-164.413247747,-153.619838696
4.67914438503e+29,2.25282541887e+17,1.13347665465e+17,-3.21436986541e+17,-3.66792217146,41.9918977756,-6.3775586008
4.67914438503e+29,-1.54711628093e+17,4.00921624161e+16,-6.22539739733e+15,-12.8918732457,88.6388511394,9.61850403353
4.67914438503e+29,6.95668254137e+16,-6.06506512542e+16,3.35847902709e+16,156.212174728,131.558689876,-181.142124166
4.67914438503e+29,1.44253597289e+16,3.73724673627e+15,1.784669871e+15,-645.582711138,-129.134793529,119.840540929
4.67914438503e+29,-5.63500146984e+16,-3.53421830863e+15,-4.54329976392e+16,166.382990824,124.513643529,-96.6889298891
4.67914438503e+29,-3.06929855043e+16,-4.72680033274e+16,-1.57705961375e+16,-22.5913268531,156.687168179,11.0379123727
4.67914438503e+29,8.38248034259e+16,-8.22328498919e+16,1.12491746612e+17,3.9304639221,10.04963067,-18.2766265117
4.67914438503e+29,2.58261695088e+16,7.1626075598e+16,5.89082268665e+14,-17.8585163088,193.874693368,-120.402784336
4.67914438503e+29,-1.01977562881e+16,2.96725641424e+16,3.06501687782e+15,250.053702547,145.494494463,-42.9981215019
4.67914438503e+29,-4.91267394137e+16,-2.58017950277e+16,-5.72685502873e+16,-195.72201804,-45.8875270689,128.215057135
4.67914438503e+29,1.92620418826e+16,-5.68645802746e+15,-2.64124813566e+16,-461.242047253,297.035032076,542.854893246
4.67914438503e+29,-4.88398502272e+16,-4.75570378109e+16,-4.36038107847e+15,58.5106225729,269.081066468,-249.845169647
4.67914438503e+29,-5.96981349099e+16,3.66441478346e+16,9.04142424472e+16,-101.69987712,71.3344272526,14.6866673252
4.67914438503e+29,-4.4523919513e+16,-4.36464947701e+16,4.05991766826e+15,-205.053863675,317.215530375,-70.3934384533
4.67914438503e+29,4.21087708939e+16,-3.10792898015e+15,2.88318382209e+16,-19.493858541,267.625756243,13.0055054189
4.67914438503e+29,7.89062173448e+16,1.34383972942e+16,3.97698473724e+16,15.0603575558,64.3533901788,-144.416409802
4.67914438503e+29,-5.79356160708e+16,-6.51443902908e+16,5.26610040482e+16,-19.9807811441,-42.0048304101,-184.555236486
4.67914438503e+29,-2.08001761441e+15,6.4605931269e+15,1.0271455185e+15,-727.015635083,50.9314878629,-3.92744824104
4.67914438503e+29,-2.98050532702e+15,2.54260126017e+16,9.63813715862e+16,-34.122127459,78.7302404503,46.4876639087
4.67914438503e+29,-8.49072395866e+16,1.88651840979e+16,-4.42716864737e+16,36.8902606182,32.4240330817,-167.463501364
4.67914438503e+29,2.09802071422e+17,-2.26011589759e+17,3.32518211644e+16,-7.51205133825,40.7337547304,3.67130844959
4.67914438503e+29,-8.11880602716e+16,8.21080969816e+16,-8.2667469155e+16,1.86355105501,84.2977995733,-55.8593158319
4.67914438503e+29,-2.02261997216e+16,3.39233132621e+16,1.85197987093e+15,117.829415277,419.926985224,-496.685677921
4.67914438503e+29,1.5422691709e+16,5.34304669146e+15,9.20358107643e+16,-154.691045014,154.275630465,33.4118912198
4.67914438503e+29,2.51934964247e+16,-5.79795495947e+16,1.13850575389e+16,-269.212514591,-151.679465424,-259.261208264
4.67914438503e+29,4.76574752581e+16,-5.39883144469e+16,2.44196469566e+16,-10.1360286515,204.359054135,-183.868309282
4.67914438503e+29,-1.2960101009e+16,6.89808790765e+16,-4.28742249717e+16,70.3441522164,282.391839977,-14.4899952368
4.67914438503e+29,1.08889347793e+16,6.96932551368e+16,-4.29907637179e+16,-4.38277627091,-1.14880789713,-277.440335768
4.67914438503e+29,1.52465633137e+16,-9.93729132347e+15,-2.90412757815e+16,335.263268347,-181.200847182,-288.943865819
4.67914438503e+29,-1.21341190748e+17,-1.35130168406e+16,1.80557703592e+17,-39.48848309,15.5046121847,6.47525502566
4.67914438503e+29,-4.17054611816e+16,1.03384255295e+16,4.48840776243e+16,104.289022635,-199.897650846,-271.314586877
4.67914438503e+29,5.00593326863e+17,-1.64996396781e+17,-2.35595909425e+17,-4.57647718051,33.6953499726,-10.3600673031
4.67914438503e+29,-3.57579945212e+16,-3.02927222185e+16,3.08711626021e+15,-90.9396538396,437.971348215,-29.1613937636
4.67914438503e+29,-3.40404190454e+16,3.71443495339e+15,-3.23418829064e+16,9.15214721249,1.8245244561,134.507099664
4.67914438503e+29,1.68797880662e+16,-1.07205113114e+17,2.71955640037e+16,27.5972882679,1.62615248185,-109.218667471
4.67914438503e+29,-1.4348792792e+16,-4.70349507056e+16,3.30435240739e+16,157.414184556,-108.949717139,-402.779410456
4.67914438503e+29,-1.46473921458e+16,1.28189741161e+17,-8.7840540082e+16,2.30149895483,94.672965996,17.5098078024
4.67914438503e+29,6.79263229498e+16,-1.66704294432e+17,-3.79567591404e+17,-3.18194628291,48.1910693203,-17.4592409099
4.67914438503e+29,2.37504848121e+16,3.14649856172e+16,2.74964138904e+15,90.1152522887,147.179084788,55.1294458159
