10000
BH: 88.0697581768, 91.2797408104, 91.239814043, 89.0220680237, 87.7484481335
BF: 835.929067135, 845.845757008, 830.099977016, 845.752336979, 841.425284147

1000
BH: 4.22250103951, 4.24157190323, 4.37925410271, 4.17192482948, 4.15701293945
BF: 9.40417122841, 10.2120091915, 9.6259329319, 9.63111209869, 9.67636203766

100
BH: 0.091826915741, 0.0935060977936, 0.0940790176392, 0.0929820537567, 0.0914828777313
BF: 0.0919270515442, 0.0923490524292, 0.0923042297363, 0.0920779705048, 0.0910761356354

10
BH: 0.00184512138367, 0.00210499763489, 0.00185799598694, 0.00190591812134, 0.00286602973938
BF: 0.00111508369446, 0.00127601623535, 0.00110697746277, 0.00109195709229, 0.00109696388245

3
BH: 0.000488042831421, 0.000306129455566, 0.000297784805298, 0.000322103500366, 0.000326156616211
BF: 0.000200986862183, 0.000205039978027, 0.000213861465454, 0.000205039978027, 0.000195980072021
